AlexNet
[[0, 1], [2, 3, 4], [5, 6, 7]]
['gpu', '4b', '4s']
[40.9123339, 33.38217, 22.373355]

ResNet
[[0, 1, 2, 3, 4, 5], [6, 7, 8, 9, 10], [11], [12, 13, 14], [15, 16, 17]]
['gpu', '4b', '1s', '2s', '1s']
[66.31844233, 78.19246649, 67.92253833, 77.21479388, 72.75084075000001]

GoogLeNet
[[0, 1, 2, 3], [4], [5, 6], [7], [8, 9], [10, 11, 12]]
['gpu', '2b', '1b', '1b', '3s', '1s']
[41.99017408, 51.92811492, 50.342739949999995, 31.28049965, 39.928669549999995, 56.33807396]

MobileNet
[[0, 1, 2], [3, 4, 5], [6, 7, 8], [9, 10], [11], [12, 13, 14]]
['gpu', '2b', '1b', '1b', '1s', '3s']
[30.746774187, 34.95563609, 28.710949043, 21.50754576, 17.49222884, 14.608476694]

SqueezeNet
[[0, 1], [2, 3], [4, 5], [6, 7, 8], [9]]
['gpu', '3b', '1b', '3s', '1s']
[25.792384500000004, 30.60625905, 33.55576132, 37.331060019, 25.88744798]