core=1
this process 2854 of running processor:  0
807.731
445.779
449.891
449.923
449.938
450.854
446.729
447.182
446.417
445.77
446.581
446.522
446.841
446
446.533
453.99
446.79
446.517
446.893
445.656
445.22
446.971
446.11
504.441
447.474
447.706
444.009
443.33
445.39
445.838
446.781
444.738
446.783
445.795
504.89
465.446
449.505
449.306
447.36
449.286
445.054
446.878
447.291
448.182
445.609
448.05
447.24
447.028
447.349
447.448
447.848
444.774
446.251
444.683
447.166
448.395
455.007
446.05
445.826
444.827
448.549
446.305
445.264
445.666
446.84
446.552
444.952
446.671
445.857
457.174
445.085
445.31
446.703
444.34
446.027
449.112
448.304
447.921
448.8
448.379
445.496
445.456
458.954
447.618
448.18
449.136
447.644
446.084
446.154
444.94
447.952
450.025
449.055
445.819
445.041
451.589
445.569
446.443
446.932
449.358
447.066
448.652
445.509
448.127
447.935
448.082
448.777
449.208
449.47
448.662
448.314
447.983
449.532
449.607
450.671
473.889
448.858
450.028
449.265
449.345
449.079
458.755
446.296
446.281
445.796
447.584
445.851
443.982
446.773
445.937
446.765
445.09
445.515
447.69
447.69
448.776
448.565
447.274
446.113
448.219
447.889
447.693
449.585
448.017
449.368
448.652
448
448.209
447.724
447.916
448.045
446.334
446.526
446.76
445.284
446.907
447.297
446.109
444.03
445.798
445.177
444.167
443.577
443.632
445.529
449.393
445.669
446.409
446.522
442.8
443.831
442.327
444.005
444.185
443.206
449.82
443.868
444.683
442.834
444.186
444.011
444.686
441.757
441.957
444.913
444.931
443.087
445.588
443.853
444.214
444.443
442.461
443.715
443.768
442.13
442.844
442.712
457.19
444.1
443.746
443.158
444.028
444.394
442.079
443.139
441.852
443.914
442.409
441.757
443.901
444.925
446.495
445.583
443.67
445.154
445.049
447.023
443.62
445.323
446.73
446.686
444.856
444.234
443.432
442.991
442.269
443.209
443.122
444.368
446.236
445.844
446.107
443.06
443.839
443.797
441.771
444.503
442.969
443.174
443.361
444.107
444.481
443.106
442.563
442.77
443.681
443.869
443.04
441.175
442.955
445.171
446.61
444.86
442.527
441.987
443.559
442.491
443.488
443.059
442.778
443.907
444.138
444.847
443.56
444.889
443.42
446.52
445.097
444.684
442.87
443.408
443.907
444.631
445.414
444.801
442.383
442.086
444.099
445.573
446.955
445.878
444.853
442.961
444.2
446.831
445.268
443.18
443.11
443.429
443.684
445.956
444.088
445.124
444.629
445.609
442.949
445.578
445.606
443.129
444.226
443.669
442.38
443.724
444.225
444.975
444.51
446.515
445.137
444.717
443.754
445.74
442.357
442.418
445.77
445.998
445.741
441.681
444.077
443.953
445.752
447.68
443.33
444.635
443.092
442.348
442.101
442.682
445.864
446.14
445.4
445.093
445.668
444.031
443.167
442.672
444.491
443.358
444.439
444.099
443.011
443.71
445.852
446.654
444.975
444.159
442.938
442.72
441.128
444.201
442.137
443.253
441.47
442.472
442.322
443.358
443.051
442.346
443.213
441.699
442.533
441.881
444.178
442.539
440.351
441.946
442.343
442.639
442.843
442.137
442.979
442.661
442.124
443.567
445.246
448.218
443.81
449.897
444.965
446.08
445.235
446.04
443.09
443.664
444.15
443.264
443.364
442.272
448.462
445.598
444.994
444.72
446.657
444.424
445.312
444.737
445.353
446.039
444.833
446.672
444.035
445.327
445
445.802
445.55
446.104
445.071
444.508
446.072
445.938
446.42
445.934
445.992
445.329
445.63
444.774
445.628
445.307
445.025
445.584
443.762
445.307
443.358
442.362
444.519
442.871
443.807
446.071
444.898
445.873
446.119
445.37
445.95
445.693
445.54
445.786
442.774
445.813
445.942
446.144
444.946
444.681
444.842
443.73
445.115
445.378
446.37
445.229
444.132
445.219
445.725
447.125
446.565
445.114
445.658
446.409
443.427
445.002
444.77
446.056
445.569
446.92
445.154
445.293
444.507
445.208
443.163
444.739
444.934
444.566
445.474
443.764
445.486
444.866
445.518
444.728
445.541
446.604
448.073
444.75
446.055
445.358
444.889
444.841
445.207
445.935
444.215
446.356
446.797
447.653
445.121
445.12
445.133
444.32
445.693
443.881
445.471
445.176
444.906
445.625
443.711
avg: 445.753
