core=2
this process 2854 of running processor:  0
this process 2854 of running processor:  1
523.654
267.036
271.001
273.778
271.024
268.165
269.89
270.088
259.756
260.478
261.303
259.844
259.502
259.623
260.434
261.149
261.662
260.319
260.599
259.666
262.162
269.424
276.062
274.15
271.634
267.509
264.374
266.317
270.336
273.013
265.519
259.065
261.273
260.878
259.416
261.626
260.079
259.996
259.302
261.123
258.773
267.562
268.304
271.381
269.302
277.476
270.956
272.237
271.113
262.901
261.893
259.973
260.434
259.954
259.672
261.069
262.76
260.209
261.061
259.464
262.718
266.287
266.054
270.312
275.688
267.707
269.192
267.323
264.817
260.302
261.148
259.994
258.706
257.395
261.351
262.4
260.029
259.035
260.251
257.786
258.919
266.185
275.043
268.495
267.193
271.292
272.235
274.842
268.561
268.788
268.792
261.9
260.097
260.301
260.651
260.841
260.321
259.529
259.29
259.328
256.739
267.257
269.601
270.308
268.138
269.465
270.53
265.462
269.786
272.523
265.297
257.324
259.728
260.39
261.594
256.683
260.43
261.544
260.237
257.763
260.233
270.303
269.341
271.296
273.111
268.986
270.02
266.341
266.763
258.05
262.746
258.888
259.432
257.61
259.819
260.684
258.101
258.317
256.425
259.941
266.48
268.894
264.57
269.884
269.655
272.12
271.753
274.639
261.869
260.006
260.754
255.003
257.254
257.281
259.287
258.598
257.446
266.131
257.979
258.233
268.221
272.027
268.466
269.765
273.1
268.791
262.614
257.689
259.312
255.489
256.931
255.93
255.576
256.665
256.527
257.803
256.386
256.072
256.988
256.937
260.013
265.069
273.027
269.437
268.823
267.033
272.175
266.202
265.514
265.969
256.829
257.707
258.932
257.883
256.716
257.617
260.837
259.621
262.365
257.209
265.166
268.16
263.7
266.332
268.727
267.695
272.686
271.29
264.805
257.68
257.631
256.594
257.434
256.244
258.491
256.684
258.168
258.392
257.335
256.641
259.609
272.828
273.158
268.835
267.23
270.353
273.429
264.924
261.23
258.739
258.43
258.381
260.673
259.258
260.591
257.245
260.654
258.479
259.998
259.769
258.637
267.372
277.713
271.823
274.671
274.617
273.398
272.465
274.206
272.624
261.133
260.566
256.308
257.595
258.462
259.978
256.77
259.093
257.419
257.891
259.062
269.916
273.077
274.028
273.396
268.674
264.135
268.098
274.318
267.483
258.887
258.468
258.349
258.788
257.616
256.883
260.145
259.725
258.791
259.174
261.003
271.668
269.786
271.957
268.445
271.101
271.011
275.866
261.518
258.91
258.679
259.179
259.439
257.939
260.578
259.754
260.03
259.955
257.815
259.062
259.332
265.423
269.497
265.282
273.281
275.615
259.083
258.239
257.68
256.612
254.483
254.473
251.324
255.839
256.116
253.024
249.868
251.07
249.534
252.451
256.02
257.375
262.87
269.102
266.57
268.479
266.063
269.012
263.836
269.693
257.016
255.646
256.185
257.955
254.931
255.406
255.233
256.283
257.375
256.08
256.492
256.962
257.568
263.868
264.712
265.323
270.136
267.475
270.696
269.054
258.033
255.253
257.471
254.498
254.892
256.184
255.514
256.092
253.537
254.989
255.51
257.178
254.275
257.061
269.818
266.109
265.705
267.922
268.572
265.195
265.723
264.341
260.181
255.246
256.081
256.362
254.856
258.152
255.547
256.974
257.155
256.251
255.554
254.438
266.781
267.281
270.562
265.971
266.523
265.475
264.563
264.213
256.63
255.395
254.749
255.925
256.911
255.545
257.46
254.312
254.287
255.971
256.69
256.445
256.099
265.115
269.539
266.235
265.609
268.468
262.88
268.661
269.215
267.022
267.122
256.019
257.788
254.616
256.509
253.902
256.138
254.489
253.157
252.513
254.082
255.357
269.281
270.716
274.082
269.948
263.146
268.294
263.777
268.772
259.159
252.533
253.945
254.5
255.896
254.693
253.19
254.93
252.474
254.481
255.086
255.118
253.293
263.613
270.096
263.359
262.618
264.295
266.244
266.729
264.28
263.363
270.59
257.012
255.12
254.73
257.052
254.222
255.275
253.528
255.252
254.278
254.323
257.205
267.191
262.794
264.97
266.711
267.672
265.863
266.484
271.977
268.425
256.121
256.474
256.399
258.107
257.956
256.799
255.161
255.707
254.603
255.55
255.626
254.756
267.327
267.962
266.852
267.863
266.745
264.367
261.924
256.366
254.255
254.995
253.326
avg: 262.25
