core=6
this process 2854 of running processor:  4
this process 2854 of running processor:  5
320.62
164.784
163.997
162.868
163.886
164.096
162.857
164.438
163.03
163.084
162.715
162.853
162.38
161.901
163.401
162.848
171.964
168.416
168.145
167.182
167.385
166.187
165.989
166.116
168.763
167.426
162.836
162.233
164.569
165.241
166.029
163.006
165.501
162.895
162.075
162.247
162.28
163.199
162.756
165.631
162.176
164.739
162.878
165.337
164.068
164.37
163.584
164.025
165.008
167.007
166.132
163.515
164.026
163.532
163.678
165.976
195.06
188.958
193.128
187.08
195.633
169.413
165.313
166.462
167.4
167.791
166.759
169.925
167.994
168.565
166.915
167.59
168.119
167.676
168.327
167.771
168.014
171.552
169.883
217.542
189.8
191.086
191.327
187.174
188.763
189.951
193.344
188.055
183.435
189.038
168.42
168.604
167.603
169.254
168.285
165.865
167.702
170.135
166.957
169.602
166.674
167.646
167.57
166.785
165.243
167.941
168.047
168.531
166.035
167.956
167.531
172.964
184.504
194.846
194.79
188.769
184.016
189.984
189.733
184.104
168.131
168.21
168.073
167.704
166.964
169.567
166.959
165.479
166.346
168.394
169.373
165.491
169.445
167.797
169.104
166.924
166.808
166.647
167.062
184.033
170.553
167.521
167.352
166.686
168.183
168.069
184.908
187.483
188.053
191.867
191.972
189.237
186.226
184.939
166.866
165.575
168.689
167.064
169.475
167.687
168.257
166.615
167.809
167.978
167.771
170.885
166.082
167.206
167.176
214.488
188.561
185.535
193.082
192.514
175.675
167.441
167.039
168.457
166.998
166.719
188.227
181.842
167.676
165.913
167.404
168.545
168.141
168.098
167.133
167.988
168.723
167.513
167.555
168.735
167.622
170.022
168.124
168.294
167.946
221.2
186.554
191.957
188.828
188.366
189.094
191.21
190.239
192.582
176.384
166.465
169.636
167.842
167.711
167.443
169.399
164.899
168.332
167.821
167.227
168.492
170.529
168.598
169.492
165.874
166.128
166.983
168.655
167.565
167.255
216.613
187.298
195.175
190.802
191.748
189.528
189.951
187.064
187.53
193.792
177.473
167.293
167.503
167.884
167.72
167.831
169.632
168.026
169.052
165.22
167.487
165.094
168.348
166.917
166.83
166.144
167.103
167.586
166.471
166.74
188.743
189.267
189.465
186.967
184.156
187.748
188.645
187.74
186.323
186.159
186.311
194.783
188.037
196.092
168.768
166.157
167.796
165.766
166.061
168.088
167.159
167.047
167.9
166.808
167.191
168.019
167.117
166.319
168.478
166.475
215.368
188.031
189.641
184.402
188.921
191.811
188.775
190.679
189.553
191.942
190.458
185.75
187.189
167.755
167.491
168.568
167.585
168.084
167.704
167.698
167.545
168.344
166.423
166.5
167.372
166.891
167.9
164.723
166.528
165.59
167.619
167.558
164.852
172.313
187.629
192.446
181.727
180.284
168.893
190.315
189.679
168.349
165.616
165.161
169.136
167.022
167.843
167.411
169.911
168.209
167.4
167.916
168.085
167.575
165.839
165.9
165.75
166.649
165.945
168.384
165.21
206.925
170.245
167.825
166.777
165.653
166.571
172.266
192.627
185.318
189.045
188.481
194.38
188.763
189.457
166.272
165.636
165.929
168.76
168.249
168.072
168.304
166.778
164.38
165.309
167.764
167.674
164.824
166.185
165.143
167.098
182.729
167.459
166.911
165.102
166.274
166.74
180.53
185.738
187.349
180.988
190.783
190.451
189.239
186.583
167.67
166.898
168.614
168.553
169.054
166.102
168.024
165.798
166.5
167.618
168.495
166.639
164.279
167.367
167.738
167.37
210.848
191.4
187.792
192.915
179.766
168.853
167.066
169.386
167.299
167.324
176.37
189.528
178.481
168.586
168.134
166.198
167.286
168.522
165.216
166.932
166.575
166.493
165.464
168.138
168.435
163.75
167.198
167.563
166.736
165.709
165.974
203.138
189.351
190.204
188.739
188.727
170.477
165.68
166.442
166.613
166.706
167.27
169.175
167.798
167.961
165.762
167.363
165.34
166.135
166.612
166.622
167.233
167.505
165.906
166.912
165.679
165.314
166.391
166.377
165.003
165.227
168.365
208.153
185.686
189.516
187.237
181.698
182.296
191.597
184.116
195.871
192.755
187.833
189.448
167.434
166.793
169.245
169.111
168.559
171.116
168.937
166.594
168.752
168.557
166.633
170.105
168.49
169.272
168.34
162.513
avg: 173.286
