core=5
this process 2854 of running processor:  4
471.794
282.259
283.207
279.84
284.813
284.319
282.691
284.404
283.662
283.826
283.742
284.195
282.457
278.841
288.846
283.76
285.414
282.376
286.397
281.053
281.515
281.33
283.191
284.532
283.848
286.97
281.406
280.791
280.156
280.127
284.404
282.237
285.271
281.135
282.624
283.643
286.814
282.411
277.408
283.924
284.514
280.01
281.289
281.581
283.496
284.341
283.096
282.336
282.053
284.444
281.677
280.642
280.928
282.304
283.147
285.309
283.328
283.187
285.886
279.384
280.849
289.203
282.696
282.83
281.311
283.106
278.544
280.163
281.178
284.33
277.906
280.172
285.394
279.294
284.57
286.855
283.062
282.273
281.294
279.441
280.922
281.168
277.691
282.506
282.664
281.37
280.987
282.275
282.554
280.112
282.68
281.302
281.728
279.494
279.49
278.531
283.393
280.741
284.143
277.201
277.944
278.866
285.086
281.546
275.109
283.65
284.088
284.748
280.705
280.626
283.991
284.157
281.895
283.126
282.991
280.229
279.795
281.241
286.169
283.816
280.928
280.549
282.408
282.268
280.601
286.616
284.158
282.429
280.229
284.143
285.44
281.713
279.246
281.023
280.69
284.764
280.708
281.742
276.128
284.185
279.37
286.163
280.621
280.095
279.796
280.387
281.463
283.934
278.84
281.07
280.088
279.484
280.502
279.592
278.232
283.915
281.553
284.322
280.488
283.879
281.535
284.022
281.74
281.911
284.021
283.028
278.722
280.42
280.141
281.074
286.694
281.112
283.751
280.039
277.975
280.418
279.856
285.379
284.666
280.086
280.442
280.389
280.42
280.198
279.039
280.872
284.422
281.473
283.492
284.659
283.184
283.324
284.53
281.78
281.754
280.299
282.836
279.671
284.766
282.925
280.255
282.481
278.856
285.089
279.396
284.916
286.381
283.499
284.283
283.205
284.814
282.746
282.809
278.865
285.855
279.656
280.272
279.844
279.203
277.182
287.23
281.707
284.262
280.416
280.647
280.26
283.897
282.571
283.068
283.721
281.636
285.609
279.339
282.149
285.242
282.757
284.822
279.31
282.705
283.349
284.345
284.015
280.86
285.176
279.525
283.177
282.007
284.102
282.787
286.599
279.249
284.872
278.204
282.533
283.342
282.709
284.859
286.45
283.024
282.567
281.668
280.405
278.569
280.835
282.344
277.053
280.492
283.301
282.543
282.217
283.554
283.578
281.096
284.391
281.344
280.471
282.336
282.988
282.457
279.43
280.606
280.129
279.969
287.439
278.134
279.28
279.143
284.516
285.021
281.572
280.049
279.728
280.49
279.481
283.211
283.554
286.661
279.066
281.578
283.433
283.814
280.627
281.429
282.123
282.39
284.887
286.016
283.611
280.139
281.762
285.607
282.162
280.95
283.281
280.312
281.537
277.095
284.067
278.215
281.587
283.767
283.345
283.291
286.109
280
280.586
279.632
281.423
282.826
280.741
282.867
282.791
281.9
282.758
282.948
282.566
280.513
281.863
278.87
281.998
281.263
281.169
285.199
282.86
284.284
282.539
282.168
279.537
283.858
281.883
281.551
276.806
280.517
280.697
284.055
284.814
280.096
285.059
279.714
281.366
279.488
282.665
281.407
283.814
285.33
282.123
283.239
280.825
281.186
282.597
283.172
279.684
282.452
284.181
284.458
282.57
280.118
283.128
284.688
282.957
281.988
284.642
281.763
283.283
285.775
280.441
282.289
281.602
280.666
284.419
282.164
282.468
286.069
284.651
279.726
281.425
284.734
283.935
283.769
281.166
283.743
282.719
283.679
282.169
280.666
281.096
280.729
281.822
282.075
279.9
281.344
282.424
286.257
285.533
282.586
282.328
282.176
283.972
282.614
281.759
284.263
284.01
281.592
281.12
285.458
281.789
282.114
283.085
284.649
285.924
286.805
281.535
285.245
282.405
283.708
281.773
282.248
278.838
280.424
283.052
285.367
279.547
279.469
280.797
284.673
282.948
283.807
282.19
281.281
282.787
283.321
282.5
280.121
284.9
280.531
279.704
283.31
280.611
279.789
279.879
284.495
282.964
283.565
280.635
280.037
283.007
279.844
280.846
281.083
281.179
282.843
284.461
284.295
285.184
282.353
286.572
285.081
280.669
281.906
285.187
283.474
285.046
282.799
285.185
285.323
280.073
285.406
284.618
282.669
281.519
282.923
283.364
281.776
282.933
279.722
282.179
285.246
281.295
282.338
279.477
avg: 282.259
