core=4
this process 2854 of running processor:  0
this process 2854 of running processor:  1
this process 2854 of running processor:  2
this process 2854 of running processor:  3
364.491
167.957
174.238
192.25
190.939
163.918
163.902
162.505
162.061
161.704
164.704
163.293
163.013
162.569
161.446
160.993
158.533
158.295
158.358
157.366
158.401
160.809
162.125
160.081
158.472
160.13
160.424
172.82
174.556
169.523
166.773
166.177
166.666
166.776
166.87
163.688
160.792
161.27
159.728
161.33
159.035
160.463
160.139
161.337
160.537
161.506
160.934
159.641
157.223
158.273
158.502
171.811
172.491
171.549
158.502
158.85
166.618
166.404
169.036
165.789
167.911
166.248
166.413
166.688
166.758
167.402
162.876
163.315
162.879
160.739
163.312
163.774
165.302
158.283
161.82
180.269
191.372
188.728
160.501
158.293
158.219
158.504
161.274
158.531
158.092
158.267
158.684
161.245
166.753
164.571
165.36
167.082
166.788
163.864
164.512
166.68
166.934
160.42
160.118
180.528
193.108
189.144
163.374
165.309
167.449
162.52
161.807
161.787
159.903
159.011
162.406
162.109
161.971
160.112
159.417
158.996
160.892
162.826
162.875
158.345
157.888
158.958
159.57
164.395
171.616
173.846
167.655
157.655
170.369
163.383
171.801
167.868
169.991
170.694
173.716
171.457
173.3
170.298
169.521
173.968
171.732
168.674
169.335
169.692
166.603
159.116
160.603
166.372
172.391
173.852
161.936
157.167
158.813
158.543
157.783
158.516
158.495
159.048
158.904
160.734
158.603
158.658
157.954
157.233
158.302
158.23
165.311
164.313
164.949
162.901
163.319
161.654
170.973
173.924
173.618
165.447
165.039
165.516
171.101
172.903
174.875
174.615
169.128
172.493
175.482
172.932
172.848
174.14
171.703
174.369
170.738
171.768
169.375
167.771
166.617
168.671
175.461
173.877
169.879
165.684
166.641
167.032
165.745
166.641
166.703
169.735
167.226
168.291
167.288
166.275
166.039
168.174
167.775
167.132
168.345
167.642
167.922
168.582
166.718
172.495
178.45
178.429
171.406
167.738
170.837
167.489
168.321
169.379
169.919
169.719
170.454
169.516
167.715
169.067
168.712
167.542
170.24
170.845
166.015
166.058
166.574
169.31
189.851
194.835
191.476
183.727
181.244
183.763
179.785
177.444
178.93
161.943
159.366
159.153
158.729
160.21
159.336
160.806
159.567
163.213
160.718
158.05
158.739
158.67
157.122
155.332
162.099
172.99
170.979
163.033
158.769
159.845
161.799
166.495
164.891
164.918
164.695
165.635
165.619
165.552
163.943
165.1
156.105
157.584
156.145
160.723
167.24
168.926
170.931
167.139
173.295
188.582
185.477
171.181
171.206
171.806
174.129
173.127
171.626
175.226
170.321
177.68
181.59
178.516
176.585
175.877
177.324
177.194
177.423
175.953
173.415
172.071
164.075
172.87
177.499
180.951
169.291
165.136
162.884
166.218
165.859
165.409
165.094
169.785
165.954
166.3
166.314
165.533
167.568
167.095
165.551
165.166
165.048
166.359
163.689
165.029
164.584
165.344
164.328
164.292
167.367
165.718
166.027
166.621
165.23
165.881
166.093
164.226
166.299
166.908
165.283
163.92
164.54
164.303
165.259
164.764
166.685
165.568
165.903
166.488
167.054
175.624
180.554
177.718
179.627
175.473
175.087
176.536
174.645
174.443
174.955
175.674
176.054
173.324
174.241
171.976
164.815
164.151
164.056
164.118
165.297
167.119
163.998
165.047
165.016
179.151
179.137
173.368
165.042
164.831
164.526
167.138
163.791
164.874
164.633
164.098
168.927
165.853
165.284
164.074
165.103
163.673
165.915
166.114
167.369
167.488
166.441
166.277
168.205
181.343
180.197
172.763
164.678
166.397
166.073
168.54
166.59
164.111
165.267
164.04
165.847
164.77
165.384
166.29
166.043
166.511
175.057
174.895
175.492
170.925
165.696
166.579
165.435
165.022
165.958
170.412
165.107
164.306
166.047
165.057
163.561
164.833
162.558
166.706
165.003
165.795
164.099
163.811
164.51
164.298
167.957
167.372
165.245
165.599
164.511
163.799
171.963
178.262
178.05
173.302
174.516
173.898
173.598
172.951
176.137
165.102
166.535
165.513
166.315
165.228
163.338
166.733
165.141
166.435
165.393
164.739
166.209
165.747
166.838
165.663
180.06
179.098
171.985
166.61
164.567
165.375
171.873
175.769
171.537
171.397
173.015
174.783
172.953
173.385
171.579
177.546
171.958
162.633
164.691
162.887
avg: 167.335
