core=8
this process 2854 of running processor:  4
this process 2854 of running processor:  5
this process 2854 of running processor:  6
this process 2854 of running processor:  7
235.938
121.041
121.923
138.79
140.595
139.279
141.622
138.685
138.843
140.271
141.602
141.023
140.153
139.639
136.339
123.078
121.405
120.025
121.817
120.824
122.059
129.275
119.731
119.916
119.696
119.323
117.308
116.99
115.97
116.845
120.104
121.333
119.439
119.969
117.245
117.456
120.7
117.772
118.136
120.274
118.213
115.57
118.975
118.871
138.927
140.937
139.96
140.095
139.053
142.227
141.002
138.43
141.409
137.495
139.816
140.138
142.997
139.18
124.535
118.781
120.761
119.186
120.508
118.006
117.971
119.962
120.278
120.468
119.688
119.054
120.905
121.964
122.563
119.183
122.152
122.588
121.464
121.177
120.344
120.755
120.526
121.955
121.907
119.475
118.467
136.171
132.167
134.779
131.779
115.843
117.946
132.219
132.436
134.606
130.921
131.757
131.248
131.176
129.328
131.71
132.447
131.706
132.981
135.464
132.741
118.743
108.438
109.064
111.155
118.944
107.852
116.919
109.09
118.339
120.07
118.347
119.756
118.967
118.576
119.646
118.307
118.033
117.885
120.298
127.508
120.616
119.55
118.208
137.287
138.479
140.957
132.436
138.223
137.149
138.941
139.005
139.213
126.645
118.823
120.016
119.861
120.279
120.652
124.512
125.352
122.965
137.866
118.717
119.212
120.79
127.822
118.055
119.986
129.209
119.267
119.162
121.187
126.484
122.808
121.595
121.097
121.273
127.755
121.626
121.324
121.909
120.283
131.641
126.351
138.664
131.396
131.987
126.757
131.976
135.074
143.344
136.617
138.658
140.471
139.821
132.691
137.984
136.042
137.989
144.018
120.501
119.478
120.758
123.556
118.088
119.344
119.73
119.556
129.236
120.674
119.145
119.901
127.955
120.613
119.492
119.05
128.635
130.429
119.775
129.283
120.798
122.947
119.802
122.296
137.724
134.022
129.405
130.431
131.1
133.158
136.911
138.288
139.113
138.504
135.266
139.988
139.004
138.659
138.564
135.918
119.45
124.698
127.118
127.465
120.583
120.844
120.781
132.962
119.167
128.613
128.013
130.101
118.012
127.509
121.757
128.081
126.787
125.156
126.959
125.548
128.164
120.046
127.205
122.806
142.416
136.856
139.745
137.976
131.564
125.851
132.201
131.052
131.808
132.853
133.629
136.828
135.824
131.258
123.846
130.419
127.08
128.207
121.272
125.461
126.665
127.703
128.832
125.299
127.385
128.51
122.2
127.972
126.15
127.093
128.074
134.576
122.851
119.036
124.96
131.831
118.717
133.746
124.474
127.623
144.824
138.821
137.588
140.747
136.151
138.5
134.587
139.247
137.525
135.049
127.495
130.5
135.717
127.311
133.311
133.307
132.775
137.19
137.259
138.884
131.362
135.146
122.61
127.893
121.752
129.426
128.435
125.944
127.783
124.783
128.913
129.16
127.178
122.799
133.313
123.235
134.881
126.24
127.39
128.178
132.62
121.331
133.232
131.96
128.463
135.609
130.604
126.85
125.766
132.545
120.53
126.483
118.1
124.289
126.909
127.627
134.985
133.026
124.198
129.598
127.857
128.626
127.604
126.335
122.444
129.823
129.386
128.007
129.382
127.064
126.235
126.561
129.416
128.001
122.978
129.837
131.685
133.575
130.492
144.306
137.436
139.162
141.34
136.155
137.001
136.077
137.655
140.896
137.885
139.633
134.972
139.904
140.511
139.189
141.682
140.25
137.967
128.935
127.796
130.966
128.744
133.617
126.251
123.638
117.068
116.835
116.88
123.402
124.411
120.519
130.607
129.073
137.75
126.757
127.538
128.72
128.934
126.989
136.789
137.115
137.635
140.885
137.561
138.929
138.709
138.654
148.052
138.795
135.773
141.279
143.415
138.249
137.48
138.004
132.699
128.961
128.044
128.194
127.478
127.36
128.222
129.038
127.898
130.106
135.756
127.624
130.392
128.468
119.143
116.823
122.615
122.949
123.709
114.496
122.01
126.077
129.013
134.84
137.917
143.597
140.786
145.507
138.918
138.67
143.514
141.275
136.431
147.592
140.382
143.57
141.443
146.521
132.621
131.465
128.76
128.62
126.197
133.888
128.158
127.223
134.335
125.442
129.822
127.175
129.579
131.173
138.824
134.114
129.872
129.97
127.009
133.764
130.389
123.08
117.611
122.752
126.225
140.125
132.344
138.401
138.327
136.637
137.613
145.541
137.3
146.025
147.804
135.874
146.344
129.374
131.522
avg: 129.078
