core=3
this process 2854 of running processor:  0
this process 2854 of running processor:  1
this process 2854 of running processor:  2
356.187
203.437
203.633
202.772
201.51
201.021
200.32
202.623
201.204
200.549
208.641
217.294
217.885
220.849
218.397
221.992
220.389
221.478
223.336
218.155
218.833
219.284
214.33
201.936
202.248
201.745
199.671
199.126
200.153
201.296
201.949
200.59
204.39
201.507
199.612
216.055
215.778
217.61
219.275
219.554
215.843
220.147
215.606
217.934
225.317
223.288
203.824
202.773
202.38
203.583
203.389
202.435
201.958
203.182
203.623
204.026
206.046
203.622
203.991
204.512
219.959
218.36
219.64
222.752
215.978
221.309
223.214
224.601
224.248
222.097
202.572
203.387
204.93
202.247
203.272
204.673
204.432
201.228
202.611
202.112
202.79
203.912
203.054
203.217
203.828
215.958
221.943
223.742
217.492
219.276
219.188
221.605
221.075
208.116
202.361
202.986
203.334
202.273
201.857
202.225
201.419
203.269
202.996
203.014
202.443
202.688
202.126
200.702
199.646
202.796
205.787
219.836
218.279
218.084
224.153
220.574
219.417
220.017
216.455
219.856
222.183
220.258
213.561
201.408
202.851
205.893
201.779
199.261
204.219
204.773
204.507
201.053
202.945
201.698
201.935
197.584
198.008
197.992
194.528
199.207
199.781
200.204
199.327
195.784
196.823
196.303
194.427
194.325
193.128
192.399
197.841
198.978
200.087
200.501
199.878
200.359
203.432
201.354
200.751
203.728
203.006
203.294
214.598
217.682
220.844
218.157
221.695
230.688
221.031
217.755
217.506
209.863
200.261
201.143
202.536
203.918
200.925
201.01
202.029
202.359
202.916
201.193
200.846
200.854
201.814
204.528
202.319
198.83
195.53
197.531
199.354
197.253
200.207
199.537
201.738
197.901
195.615
194.322
195.388
192.997
191.837
192.996
193.096
192.875
196.831
201.041
200.85
202.261
200.674
198.74
201.003
201.4
201.197
207.348
226.9
223.05
218.515
217.137
217.069
226.521
219.306
218.882
221.786
219.374
218.933
209.134
202.238
200.904
201.381
201.388
202.794
201.368
199.891
200.475
203.119
202.49
206.217
201.414
214.878
221.921
224.696
222.201
220.482
216.701
217.19
217.916
221.299
215.302
212.433
203.812
200.157
203.356
203.445
200.232
200.115
203.332
200.822
201.455
200.162
203.954
204.625
200.037
201.747
217.281
196.389
197.112
196.347
197.112
196.242
196.091
196.952
196.517
195.408
196.306
193.725
192.498
192.701
195.965
196.735
196.331
195.444
197.502
201.298
203.678
200.851
200.183
200.774
201.249
200.492
201.374
200.584
199.214
197.405
198.376
198.91
196.237
198.467
201.965
198.228
197.678
193.951
192.904
194.962
193.595
194.086
192.417
193.31
197.866
202.579
204.065
204.575
203.027
201.039
204.032
203.666
204.196
200.655
216.645
216.812
217.995
215.155
217.883
220.543
223.543
219.432
214.925
223.621
219.916
207.55
201.86
202.32
201.606
203.495
200.848
203.319
202.298
203.931
205.303
200.434
202.321
205.142
203.121
215.698
203.262
195.803
195.933
199.924
194.541
195.287
196.099
196.519
193.683
196.372
194.018
193.14
192.937
192.496
193.138
190.877
191.921
191.587
197.998
200.334
198.349
199.226
201.657
199.388
202.96
200.205
197.487
199.206
196.14
196.681
199.022
198.565
197.636
194.996
195.515
196.036
193.264
197.306
194.731
197.723
195.127
196.908
191.982
199.733
202.078
201.378
198.5
201.925
201.862
202.683
202.919
201.26
200.726
196.299
198.114
199.695
194.888
196.612
195.999
199.173
197.404
198.996
195.324
194.894
195.287
193.699
193.698
192.541
195.451
201.178
201.789
201.125
200.885
200.54
201.741
201.307
199.525
201.762
200.808
200.191
209.945
198.316
196.012
196.419
198.233
199.292
195.725
197.047
197.99
195.857
195.369
193.937
190.324
192.489
193.056
192.119
191.807
191.592
195.868
198.82
198.4
202.605
201.661
199.394
198.822
201.475
199.969
196.166
197.533
195.271
196.809
197.358
197.135
195.302
195.425
194.816
197.435
195.659
192.312
191.875
193.743
194.849
194.07
191.933
196.421
192.253
192.767
192.092
193.999
193.906
193.559
193.036
193.017
194.367
197.681
195.803
199.35
193.396
193.142
197.334
195.849
195.212
194.106
197.528
195.386
195.26
195.878
194.949
193.253
198.419
200.131
199.193
199.417
204.38
200.843
200.963
199.672
avg: 203.193
