core=7
this process 2854 of running processor:  4
this process 2854 of running processor:  5
this process 2854 of running processor:  6
230.183
159.578
160.324
160.958
156.878
157.004
156.87
154.846
154.21
153.832
152.434
156.941
149.353
155.838
154.244
158.046
130.757
130.893
130.612
128.665
129.899
130.171
128.878
129.231
129.23
131.072
127.259
126.724
132.631
139.027
142.407
139.253
142.016
142.387
140.918
140.731
141.348
155.072
158.138
160.561
158.557
159.485
157.392
161.631
156.536
161.211
156.784
158.354
159.565
158.653
162.008
147.839
141.367
139.775
141.861
140.81
142.683
141.278
141.758
140.566
142.497
143.369
140.279
140.03
142.2
141.039
140.186
141.599
141.93
141.666
138.96
141.591
158.25
153.764
157.295
159.795
160.34
159.995
159.099
158.402
159.167
158.991
160.111
160.337
145.769
140.95
140.06
142.078
140.096
138.926
142.385
142.504
141.907
140.775
141.874
142.061
141.372
139.814
141.448
142.363
139.295
141.263
142.854
123.964
122.906
122.956
122.607
122.991
122.674
123.598
122.004
122.828
123.675
123.563
124.956
123.98
124.772
123.713
124.676
123.173
122.66
122.712
123.438
121.48
121.004
122.647
121.989
120.416
122.635
121.083
122.337
127.629
141.052
142.265
140.866
140.821
140.64
139.39
138.249
140.69
140.11
140.346
140.38
140.932
141.487
141.059
140.01
140.629
156.028
144.495
141.707
139.576
140.851
140.417
139.102
140.439
153.122
160.883
157.398
160.113
158.02
159.807
158.566
155.994
158.933
141.602
140.489
140.046
140.165
138.863
140.058
139.63
139.702
140.29
140.454
142.52
140.319
141.208
141.079
140.661
139.258
139.985
139.87
139.577
208.908
158.836
161.186
158.858
154.646
156.784
139.314
140.594
140.984
141.737
140.015
141.002
141.233
157.756
160.829
156.934
139.998
140.213
140.932
141.072
142.628
140.578
141.085
140.99
140.024
140.036
141.048
141.816
140.92
141.114
139.852
140.695
140.22
140.114
141.255
140.992
157.053
159.465
156.417
158.816
158.316
157.59
157.537
158.465
157.316
158.828
151.22
140.369
139.224
140.845
140.846
140.463
141.764
142.347
141.481
141.821
141.154
143.936
140.833
140.101
140.251
140.729
142.871
142.519
139.023
142.828
138.451
142.666
139.637
138.689
139.132
141.389
203.08
160.534
156.392
157.856
158.178
157.384
160.162
158.654
159.038
156.531
158.998
156.328
158.517
156.809
158.115
140.121
142.591
141.897
139.9
139.398
141.799
141.076
141.465
142.223
142.529
139.846
141.291
139.331
140.642
141.222
140.177
142.082
139.85
140.509
142.035
202.984
159.999
159.94
161.367
157.001
159.453
158.614
157.512
161.266
157.893
157.983
161.475
158.46
160.243
157.812
151.73
140.698
139.626
141.706
141.481
143.299
140.428
142.581
141.881
142.27
140.027
140.283
139.474
140.795
141.497
141.397
140.985
141.797
141.119
140.353
198.143
160.008
158.94
160.105
158.489
160.881
161.96
156.466
157.434
159.198
159.105
161.587
155.903
160.98
153.442
140.912
140.752
140.647
140.898
140.718
140.96
139.227
141.874
139.602
141.087
140.076
142.685
139.878
141.108
142.173
141.312
142.712
140.739
140.677
140.783
201.013
161.668
157.962
158.477
159.603
157.595
157.7
164.165
160.852
158.027
159.148
159.971
143.089
140.549
142.432
139.77
141.699
141.37
141.514
142.956
141.435
140.949
140.614
141.165
139.339
142.15
141.77
142.413
140.496
140.59
143.464
139.062
141.846
140.953
141.923
140.431
141.695
141.081
153.792
157.805
157.712
159.292
159.545
159.327
158.679
157.007
160.471
145.844
142.025
141.396
141.654
140.897
141.63
141.895
141.487
140.345
140.69
141.986
139.925
143.116
141.404
141.096
140.56
141.653
141.769
142.612
140.696
141.834
141.194
140.634
142.69
157.595
145.889
140.595
139.196
140.346
140.674
141.408
141.066
151.604
159.599
159.379
158.065
161.431
156.972
156.461
161.438
157.914
140.41
145.061
142.107
141.893
142.452
142.672
141.17
142.53
140.157
141.905
141.292
142.22
140.242
140.826
140.712
142.117
140.234
141.966
140.719
156.91
158.524
157.172
160.179
156.796
160.827
141.935
142.703
141.87
142.652
142.541
142.825
142.192
160.452
159.971
160.481
140.626
140.025
140.323
142.198
141.425
141.299
142.807
142.642
141.326
140.297
139.925
139.352
141.035
141.374
142.274
137.754
avg: 145.621
