args: 224 256 3 32
core=5
this process 2762 of running processor:  4
422.81
419.214
418.648
419.775
427.021
424.094
422.687
422.937
425.797
423.348
421.722
426.466
421.143
424.095
424.603
426.339
423.984
423.538
425.257
424.718
423.347
424.874
424.488
418.364
422.714
420.26
423.947
423.525
422.659
422.124
421.883
424.754
424.7
421.508
423.742
422.384
424.989
423.424
423.133
422.095
421.097
425.441
421.653
425.492
424.784
431.28
423.827
422.197
423.061
423.666
423.838
421.95
421.101
424.001
422.851
428.535
424.573
421.878
425.833
429.524
423.657
425.301
418.526
430.828
426.167
425.589
422.795
429.006
427.212
431.731
423.355
423.665
423.167
423.451
422.408
423.676
427.135
424.553
432.095
423.935
422.389
427.249
424.388
422.867
420.539
422.003
424.474
420.154
421.635
420.603
423.691
430.963
420.757
425.398
424.005
420.066
424.613
425.627
421.298
427.031
425.555
421.957
422.423
424.525
436.422
426.19
423.155
421.975
422.2
430.42
423.237
424.115
428.45
423.722
421.342
425.658
428.027
424.696
424.148
433.01
423.279
430.475
424.918
425.325
420.249
422.261
424.321
421.143
423.648
423.22
419.141
423.286
429.715
427.843
423.072
431.454
424.61
420.685
422.267
424.806
427.537
424.448
422.462
424.618
419.161
424.302
423.041
425.489
425.873
424.143
424.794
422.905
427.541
424.089
427.323
422.155
422.315
426.56
421.938
426.105
422.991
423.225
422.844
421.569
420.808
423.694
422.141
426.696
430.744
424.822
429.799
422.449
420.631
425.217
427.983
420.081
427.237
423.23
429.357
422.527
423.876
420.592
425.758
421.083
421.912
423.905
419.057
425.999
425.697
427.352
431.138
418.357
428.474
423.036
424.129
428.104
421.879
422.169
421.614
421.678
422.29
422.459
430.027
423.72
430.423
427.339
423.621
419.579
420.576
422.096
424.945
426.233
423.876
425.593
425.59
424.516
423.032
420.69
423.449
420.097
424.131
422.431
428.921
423.655
421.471
423.494
421.401
420.797
424.598
422.178
423.357
425.451
423.636
422.018
422.174
424.681
425.394
422.444
422.753
428.514
420.985
425.314
423.065
425.81
422.582
422.198
430.201
423.6
424.146
425.475
425.025
427.251
421.613
427.393
422.883
419.309
425.519
421.793
424.805
422.389
424.146
424.458
430.281
426.575
427.126
426.048
431.186
428.832
424.857
420.52
423.518
424.736
421.072
422.286
420.047
418.616
423.474
422.517
424.987
423.51
424.752
423.318
432.038
424.484
425.87
428.059
423.209
425.564
421.4
432.338
423.539
419.095
421.415
425.176
426.609
422.364
423.055
424.843
423.204
424.461
avg: 424.198
