args: 224 256 3 32
core=8
this process 2762 of running processor:  4
this process 2762 of running processor:  5
this process 2762 of running processor:  6
this process 2762 of running processor:  7
136.525
156.175
158.141
152.243
151.468
148.665
148.659
155.391
151.146
151.396
163.959
153.734
154.646
154.342
154.79
145.515
164.103
160.2
151.022
163.289
151.478
152.925
149.903
162.318
152.838
153.381
162.328
159.282
168.936
164.669
155.02
163.097
158.205
154.457
158.878
164.297
154.095
154.981
163.39
153.893
162.203
164.778
160.091
162.481
159.371
161.894
164.975
155.369
163.375
153.736
165.603
162.793
163.724
164.057
164.002
167.733
153.254
164.162
156.412
164.503
166.234
156.153
163.589
157.492
160.326
164.288
162.457
161.387
164.691
167.46
160.248
160.455
165.173
164.092
166.603
158.686
160.912
167.217
157.524
165.885
159.388
165.274
165.142
162.936
164.439
158.834
161.314
165.311
158.718
166.434
164.762
164.362
167.268
163.801
167.488
162.933
165.958
166.551
165.557
164.924
166.557
168.454
161.354
158.343
168.871
157.044
162.089
167.175
172.718
156.935
170.754
162.793
171.73
163.157
168.89
163.84
154.723
171.116
161.466
166.671
166.035
168.246
165.02
169.934
164.737
169.046
168.339
166.028
171.137
164.472
167.434
164.307
171.75
163.493
172.235
156.403
170.986
164.013
169.578
165.405
173.214
166.054
163.388
163.608
163.681
171.247
167.246
168.515
166.646
169.322
164.55
165.699
166.796
161.798
166.954
168.937
169.557
166.603
169.438
168.386
166.501
169.038
169.743
162.603
166.995
167.516
166.846
166.787
169.071
166.357
169.85
168.382
171.007
165.255
170.713
165.515
170.735
166.207
168.986
166.961
170.803
166.979
169.328
166.3
172.422
167.896
173.117
164.103
166.435
167.278
176.113
168.947
168.222
169.125
171.364
164.121
172.849
169.407
172.643
171.275
173.35
169.047
168.283
168.212
169.352
170.336
171.246
167.971
171.11
167.859
171.498
174.071
167.724
176.625
160.833
177.048
169.821
170.468
169.683
169.187
171.684
169.64
171.852
172.192
169.978
179.426
175.571
161.402
174.46
168.827
171.23
168.479
172.173
167.343
170.964
172.698
178.518
163.39
171.111
170.028
174.885
168.001
171.533
171.191
171.715
176.221
169.281
178.115
167.945
173.133
167.6
176.947
164.59
175.607
172.702
169.863
180.887
164.797
183.807
166.074
175.193
167.108
172.067
174.86
169.423
176.178
171.035
171.94
172.8
172.913
169.951
170.713
172.377
174.533
175.847
170.103
176.046
167.819
177.31
169.569
172.975
174.443
173.592
171.846
175.587
180.369
161.363
170.675
173.989
174.791
174.944
170.863
179.643
169.428
168.594
172.459
176.798
176.018
169.433
176.079
avg: 166.435
