args: 224 256 3 32
core=6
this process 2762 of running processor:  4
this process 2762 of running processor:  5
235.496
235.605
237.034
234.201
236.325
237.875
235.92
235.721
234.691
237.894
235.379
236.346
235.249
235.076
235.364
238.467
239.961
235.672
233.558
238.389
239.119
234.725
238.445
234.896
238.436
236.346
234.563
237.799
236.267
235.588
234.742
235.18
237.269
236.376
242.821
234.654
235.984
237.051
234.19
236.145
237.698
233.88
236.681
238.494
234.575
233.715
236.035
235.418
236.164
235.67
235.938
235.041
236.602
237.228
237.066
236.285
235.618
238.034
234.084
234.797
234.519
235.601
235.43
237.146
234.76
237.014
236.115
238.205
240.774
234.769
235.929
235.535
235.902
234.532
238.61
236.331
234.726
236.273
236.601
235.943
234.97
234.405
234.103
235.285
234.994
235.192
236.745
237.79
239.118
234.765
232.619
235.141
237.136
236.284
234.939
237.81
235.54
236.914
234.897
237.459
235.083
234.847
234.829
238.266
236.265
235.892
239.363
237.894
236.699
236.436
238.605
236.467
237.724
235.431
237.139
233.934
235.527
235.047
235.778
234.176
235.098
235.622
233.433
239.233
235.898
232.973
234.336
236.271
235.614
233.815
236.208
239.187
236.737
237.487
237.811
234.662
240.072
234.465
237.552
234.22
233.984
237.859
235.037
240.646
237.702
236.805
235.335
233.872
237.69
237.525
234.313
236.237
237.582
235.352
235.511
236.27
236.94
235.747
235.267
234.894
235.343
236.12
237.419
234.3
236.926
236.117
234.912
234.235
235.178
234.137
237.155
234.038
234.634
237.424
240.901
234.149
237.221
233.639
235.744
236.699
234.828
236.105
234.612
235.767
235.965
233.744
234.311
236.5
234.928
238.956
236.307
236.497
235.115
233.777
236.469
238.857
238.018
236.985
236.726
237.497
237.827
235.216
233.983
234.08
236.663
237.452
234.666
233.852
236.072
237.999
236.445
239.702
236.463
233.57
237.054
235.918
236.998
237.228
237.848
237.439
235.661
233.931
234.696
232.946
236.738
233.708
236.299
235.807
237.855
235.641
233.886
236.905
236.736
236.25
235.986
238.094
235.74
234.542
237.287
235.685
234.897
235.206
236.213
235.454
234.613
236.874
236.073
233.759
233.895
237.407
235.14
236.441
235.122
234.653
234.482
236.547
237.229
234.19
234.445
238.147
236.263
235.309
236.782
234.476
236.373
236.706
234.143
235.729
236.382
236.797
236.733
234.904
235.451
235.926
238.089
235.289
237.332
236.732
235.912
235.94
237.693
235.294
236.255
236.636
238.066
237.221
238.008
236.299
233.585
236.637
235.551
236.798
234.751
237.755
237.604
232.548
235.137
234.702
235.414
235.969
avg: 236.063
