args: 224 256 3 32
core=7
this process 2762 of running processor:  4
this process 2762 of running processor:  5
this process 2762 of running processor:  6
168.956
180.213
179.639
181.615
179.202
178.208
179.99
179.161
181.509
179.644
178.647
170.427
179.73
180.145
180.288
178.782
179.81
178.36
177.95
179.252
179.003
179.537
176.428
178.883
179.92
178.885
177.366
179.49
179.211
178.361
178.009
179.765
182.397
181.141
179.224
172.035
179.736
179.102
178.329
173.514
179.303
171.628
179.452
178.223
178.863
179.853
177.227
178.454
179.409
178.387
178.739
179.069
178.823
177.793
179.689
178.272
179.842
178.911
179.857
179.505
179.155
180.942
181.508
179.933
181.317
172.047
182.245
180.218
179.094
181.492
179.384
179.58
179.061
180.516
175.595
180.37
181.897
179.351
179.529
178.413
179.457
180.106
177.257
179.009
178.716
179.409
177.204
178.911
171.538
179.24
175.808
180.996
178.971
179.822
180.121
179.652
179.286
179.185
180.767
179.131
180.762
181.935
182.439
180.37
179.007
178.989
178.619
179.217
179.852
179.056
177.701
179.03
178.178
179.039
178.597
182.083
179.227
179.513
181.238
180.433
180.509
179.828
181.361
176.299
180.794
179.583
179.981
177.985
180.133
170.581
175.015
179.701
179.904
179.296
178.564
178.305
178.626
179.478
177.928
179.512
179.297
179.82
181.869
179.437
178.665
179.043
181.277
178.891
179.65
179.115
180.352
179.205
179.511
178.286
177.829
173.412
180.484
181.391
180.495
171.447
179.058
179.762
179.645
178.909
178.382
179.783
179.862
178.578
180.316
177.877
180.52
179.164
179.039
179.181
181.001
177.477
179.402
179.009
175.853
178.999
179.511
181.841
179.038
180.053
179.801
180.383
178.402
179.93
175.674
179.427
179.521
178.185
177.85
179.288
179.666
180.899
178.499
179.486
178.312
177.914
182.155
179.93
177.95
178.204
179.838
180.908
178.639
180.12
179.377
180.044
178.304
181.462
175.78
179.161
178.86
180.487
180.653
180.584
174.833
180.317
180.626
170.837
176.529
178.577
178.564
178.095
179.015
178.313
178.734
180.09
179.56
179.967
178.476
178.8
179.667
178.634
182.887
178.241
178.684
176.696
179.461
178.821
180.63
180.086
180.619
179.364
177.704
180.713
171.995
179.268
178.414
179.516
180.213
179.729
179.557
180.011
179.336
178.868
179.066
180.772
179.539
178.514
178.919
178.837
178.824
180.87
179.569
179.797
179.938
179.551
171.128
180.755
171.166
180.218
179.942
179.231
181.103
171.006
178.204
179.52
179.177
178.257
178.401
178.837
179.609
178.686
181.834
177.454
179.24
178.676
178.993
179.584
177.119
180.027
180.998
179.728
179.551
175.289
179.527
179.37
avg: 178.976
