args: 224 256 1 128
core=5
this process 2831 of running processor:  4
189.369
184.201
184.78
181.431
181.735
187.937
185.032
184.964
183.869
187.374
183.849
182.565
183.173
182.898
183.354
184.019
182.689
182.832
184.217
185.513
185.073
182.764
182.142
182.83
185.126
184.52
185.016
182.995
184.478
183.455
186.426
184.208
184.141
185.127
184.05
184.095
179.54
184.274
182.636
181.267
182.396
182.917
184.388
180.85
184.101
184.078
184.16
183.347
182.112
185.906
184.415
183.128
183.021
183.091
183.724
182.555
184.226
184.592
183.46
183.71
189.214
184.293
183.104
182.644
182.462
178.82
183.277
185.301
184.872
183.168
182.848
181.941
184.016
184.816
182.005
183.543
183.23
182.035
183.522
182.717
185.676
183.006
183.654
182.425
184.149
184.357
182.995
182.829
183.698
185.231
185.493
187.7
181.957
186.462
184.921
185.988
182.012
191.003
185.419
185.954
185.643
184.296
190.514
185.673
182.628
183.858
188.397
191.175
190.505
182.383
184.145
188.701
188.65
186.758
189.434
186.497
189.087
185.476
183.917
183.105
181.577
184.92
183.174
185.732
184.118
184.909
189.108
186.637
184.827
186.339
185.956
183.082
190.498
184.764
185.368
189.062
183.62
186.849
185.639
187.534
184.739
184.72
182.995
189.929
186.653
185.2
190.646
183.619
185.194
184.173
186.256
184.692
184.543
185.244
185.122
188.634
188.304
187.172
184.824
182.545
188.197
186.919
186.865
188.805
186.666
183.166
184.207
187.021
183.597
185.218
190.016
183.016
186.999
183.714
189.229
184.405
184.758
183.449
191.098
182.82
184.687
190.513
182.724
182.416
190.217
187.025
184.743
189.317
193.369
185.997
183.506
186.965
183.256
190.834
188.083
184.17
185.447
183.46
184.262
188.82
191.662
184.792
186.792
190.644
185.163
191.086
185.233
186.581
185.044
187.371
187.026
187.498
184.582
184.53
188.159
185.626
185.334
188.462
190.916
183.603
183.942
186.561
183.118
184.951
183.116
184.982
183.073
186.485
187.507
182.738
185.005
182.964
183.769
182.301
184.613
183.09
188.268
185.149
189.865
182.295
188.674
188.02
184.122
186.361
184.834
191.227
186.05
184.174
191.731
186.215
186.746
187.924
185.633
182.084
183.785
182.31
184.523
182.158
184.397
186.663
184.439
184.351
184.973
183.98
190.62
188.81
185.015
184.862
186.59
190.608
184.387
183.956
191.907
185.802
187.871
183.757
182.607
188.149
183.406
189.533
188.244
183.431
182.862
180.748
189.929
187.622
186.51
188.657
186.426
187.493
185.031
186.794
185.528
186.68
187.073
186.406
188.229
184.716
188.306
189.867
avg: 185.354
