args: 224 256 1 128
core=8
this process 2831 of running processor:  4
this process 2831 of running processor:  5
this process 2831 of running processor:  6
this process 2831 of running processor:  7
60.5542
57.6386
59.2277
60.0079
59.3547
59.7438
58.7329
59.9318
59.5558
58.8277
60.6058
61.0052
60.7568
58.2808
60.925
60.4521
60.2782
63.0792
58.5485
60.0308
60.5026
59.1277
59.774
59.1308
61.3688
59.6865
58.7402
58.6344
59.8433
59.1152
58.4688
60.0032
58.5751
58.6209
58.261
59.7454
58.4339
59.6834
60.4047
61.3011
60.5745
57.8662
58.7948
58.8376
57.8501
58.9058
59.0214
60.6151
60.4693
57.9902
59.9605
60.8078
57.6454
58.3563
57.2193
59.1068
58.31
59.6178
57.8376
56.51
57.373
56.96
57.0407
58.6204
57.6261
56.7558
59.7506
57.311
56.9079
56.8011
60.2365
58.8631
59.4068
57.8063
56.8902
57.3058
56.9798
57.6886
57.9563
60.5985
58.1823
60.1011
60.3995
59.5099
57.9891
58.1417
57.3516
57.2183
57.3271
56.8563
57.1542
58.5501
56.6105
57.7667
58.4959
60.1214
57.6657
60.5188
60.6823
60.1433
60.7922
57.949
58.8568
58.0771
58.2485
58.3027
58.9995
61.2849
61.3344
59.3881
57.6318
58.3813
58.1136
58.0188
61.2245
59.3245
59.1865
58.9527
57.8709
60.286
59.3599
58.3261
57.1725
58.5396
59.9276
59.6448
58.5386
58.4136
60.1532
57.4886
60.25
58.1985
59.1526
57.9756
60.7141
57.5282
57.7063
57.7542
60.3386
57.9558
57.3287
59.0297
58.7969
59.8745
58.9365
58.7438
59.3443
57.5475
56.5839
59.1037
56.9829
58.0579
57.5678
58.3547
59.3829
58.2386
57.4777
60.1433
57.186
57.9131
59.8136
58.8396
59.3698
58.0709
57.7027
57.4188
58.8662
57.5719
57.411
58.174
59.1047
56.6475
58.898
57.8344
56.7844
58.986
58.7344
57.4042
61.0438
57.7964
60.5188
59.3641
58.2917
58.1448
58.3058
60.3209
59.036
60.3422
58.1001
61.7495
58.2469
58.7922
58.7266
60.5485
58.6162
59.836
59.2167
58.9756
60.8844
60.9224
58.8151
59.9047
59.0844
60.3766
59.2313
62.3906
59.1532
59.2511
59.1193
61.1776
58.0636
58.387
60.7511
58.8735
61.8438
59.7594
60.4433
62.0886
60.2979
61.6188
59.9933
59.2214
59.9823
57.2876
58.6422
58.3683
57.6422
57.7448
57.3443
57.9277
57.5344
57.298
58.1672
57.1568
57.2542
59.1151
57.5094
57.8771
57.3532
57.2818
58.0839
56.637
57.6792
56.9344
57.9006
57.8438
57.3589
57.6532
57.4756
58.5683
58.1995
57.974
57.9641
57.6417
56.4662
57.6042
57.5251
58.8131
60.1771
59.9193
58.7302
58.5162
57.3599
58.6933
57.5152
57.4912
57.3001
57.3896
60.3792
59.0959
58.7662
58.1417
58.2704
59.9578
59.3589
59.0386
58.2948
57.9631
59.5636
60.737
58.3271
59.5328
61.4698
59.7521
61.5557
58.6709
59.2813
59.0578
58.0839
60.4495
60.7078
60.6495
60.8792
59.9266
58.5344
60.2224
58.2006
57.7823
58.55
58.8308
avg: 58.8445
