args: 224 256 1 128
core=7
this process 2831 of running processor:  4
this process 2831 of running processor:  5
this process 2831 of running processor:  6
71.8542
71.2344
72.6401
69.3635
71.701
72.1026
70.8437
71.8021
70.3516
70.7875
71.1583
70.4276
72.2448
70.9526
71.8099
69.9266
71.075
70.9625
71.1255
72.5385
72.476
69.901
72.7916
71.2182
70.7797
70.6104
71.263
71.5385
72.5781
70.8521
70.4458
74.0083
71.6859
71.3078
71.3724
73.5114
71.4838
71.1052
73.8885
71.0469
71.1187
71.3318
73.9151
71.4135
75.2359
70.6849
70.7792
71.5828
71.576
70.487
70.964
70.638
72.2968
71.4666
70.2463
72.2651
71.739
69.4005
69.6953
70.775
72.6692
69.5021
70.8083
70.4364
73.7218
69.6505
71.9224
71.2916
73.2005
71.8562
71.1411
73.0849
72.7771
72.1291
70.6578
71.725
72.3198
70.4958
71.2989
71.7911
70.1432
71.6802
72.0823
71.6838
72.4416
72.4088
71.3
71.6062
69.9698
70.2047
73.439
69.9359
70.7547
71.9911
73.2104
73.3078
70.9297
73.2656
69.7042
72.0213
71.0547
70.6958
72.7531
71.4682
74.0395
72.0474
73.0041
70.6349
71.5771
71.3547
71.6937
71.4271
72.2599
70.4812
70.5844
71.201
71.0505
72.4369
73.364
72.0521
72.7875
74.1213
72.0036
71.6989
71.1557
70.4458
70.4937
72.5666
71.9922
70.8812
70.8526
70.3765
73.264
70.9229
70.6474
72.4177
70.9422
71.963
71.0765
69.7068
72.6052
71.9797
69.3599
72.9151
71.8812
73.263
71.0755
72.9427
71.2182
73.3697
71.0442
72.0156
71.3375
71.0099
71.5588
72.9932
70.1646
69.4125
72.3989
71.7005
70.8265
70.9739
72.0375
71.4422
71.2328
71.3817
73.4864
71.0557
70.6651
71.3119
74.852
74.9192
70.9328
72.4755
74.0786
73.5666
71.3213
71.6395
70.9083
70.4739
70.964
71.4854
74.8046
72.4885
70.8682
74.6374
73.7838
71.664
73.302
73.5833
71.513
71.6047
72.2
70.1432
71.8875
71.4244
72.0588
70.9797
73.3385
72.6026
70.7958
72.0156
70.6297
72.7567
71.5588
70.112
72.0963
70.5833
70.6875
73.3208
73.9364
69.1088
71.0005
70.3734
71.152
70.8297
70.3109
71.6057
70.2672
69.5875
69.9182
71.5005
71.7057
74.5197
70.4291
72.9057
72.227
70.5698
70.1239
71.1838
71.5703
71.4729
73.1999
72.4291
72.6244
70.2302
73.2718
71.714
71.3625
69.7828
70.0463
72.2625
71.0604
70.7791
70.5932
73.8135
70.864
72.4447
72.6015
72.7921
72.6552
72.252
72.6619
70.6088
70.7323
71.3802
70.6093
70.2812
72.577
70.8843
72.2932
74.038
71.3494
72.7046
73.4572
71.0744
71.7458
73.4765
70.9302
74.0192
72.1921
70.8994
71.5375
71.864
72.9515
72.8062
71.8958
72.5869
71.4817
71.0505
70.8651
71.6557
72.5281
72.2817
73.6078
74.089
72.4276
73.9531
71.8
72.7666
73.9932
71.0916
71.3682
70.813
70.8875
71.5744
70.8166
72.3848
71.9364
71.6026
avg: 71.6987
