args: 224 256 1 128
core=6
this process 2831 of running processor:  4
this process 2831 of running processor:  5
99.9306
99.2077
98.0165
99.2462
98.4483
100.757
98.3118
99.1415
98.9571
99.0509
101.957
98.6603
97.7624
100.139
100.413
100.417
100.157
98.6165
101.571
101.61
99.778
101.542
99.4931
99.1452
101.818
101.866
102.098
100.906
100.942
99.9332
98.1764
99.0488
99.2769
100.796
101.303
100.402
99.9774
100.737
99.8269
99.0577
97.3613
97.8874
98.9952
98.5681
99.0472
97.9629
98.866
100.412
97.6967
99.8425
98.4327
98.6571
98.2004
98.0327
98.017
99.8556
98.4717
100.238
98.8228
98.9353
101.388
98.4389
99.5785
98.6384
103.233
98.0806
99.68
100.108
98.4936
98.7858
98.0733
102.509
98.4243
98.4608
98.4853
99.0493
98.4587
100.009
101.814
98.3498
99.1936
99.1837
98.1649
99.7514
99.1467
98.1701
97.9472
99.4832
100.983
98.3196
98.5931
98.5415
98.1998
98.2295
98.0353
98.0217
98.1196
99.8352
98.9821
98.1993
98.5717
97.9811
98.9196
99.3639
98.004
98.3832
98.2087
98.2936
98.1931
100.453
98.5264
99.4691
98.5519
101.053
98.1639
98.6446
100.483
97.753
99.0399
99.0608
99.2962
99.3665
99.3774
99.2149
98.4608
101.322
99.5566
99.0748
98.5566
98.8352
99.3253
99.9342
98.9529
98.604
98.3149
99.754
98.6477
98.1681
98.4665
98.5061
99.079
98.2613
98.8399
99.5613
98.9967
98.1446
98.155
98.3227
98.0889
98.1029
98.4035
99.442
98.5592
97.8889
98.0681
98.6899
98.1207
98.0029
98.1363
98.4321
98.6394
100.868
98.1555
99.3753
98.8352
99.4774
100.138
99.2732
100.103
100.423
98.1191
98.604
99.2821
98.9014
98.4519
97.2483
98.3503
99.6795
99.2321
99.8977
97.6826
98.2847
100.798
96.9873
98.4285
98.1535
98.2316
98.5144
97.8378
98.7649
99.4826
98.941
97.6717
98.4738
98.1196
98.692
99.3029
98.1347
97.7154
98.6305
98.641
98.1602
98.3821
99.2159
98.9394
98.8456
98.3962
98.543
98.2498
100.086
99.3988
99.0378
97.854
103.175
98.868
99.4628
98.9071
98.6665
99.4654
99.2758
99.1373
98.0149
99.2118
100.831
99.954
99.0128
97.3154
98.9774
97.7962
98.4915
99.329
99.9612
99.3415
98.5764
99.4633
98.9378
98.954
101.3
98.3175
98.3248
101.086
99.3784
98.9675
98.7717
99.0347
98.3837
98.6462
98.1639
97.9821
99.156
99.7946
99.7717
98.1993
98.4722
99.0503
98.3566
98.156
98.2295
98.0837
98.329
100.842
97.9691
98.1529
98.4097
98.8206
99.0227
98.2019
99.6045
100.315
99.3138
97.5175
100.075
97.9456
100.325
98.4711
99.7378
101.649
98.4842
98.6274
100.61
98.7066
100.306
97.1175
98.4425
102.841
98.8816
98.8842
98.3446
98.2112
101.353
98.0123
98.5618
101.403
99.4269
98.3128
99.018
98.2133
98.2404
97.7915
98.2545
avg: 99.068
