args: 112 256 1 128
core=8
this process 2740 of running processor:  4
this process 2740 of running processor:  5
this process 2740 of running processor:  6
this process 2740 of running processor:  7
14.3187
13.7916
14.0707
14.1734
13.7322
13.9061
13.0295
13.8567
13.9124
13.6473
13.9082
14.2432
13.9921
13.7108
14.2359
13.8535
13.9744
14.0286
13.2363
13.9619
13.9614
13.6207
13.9088
13.8608
13.7197
13.754
13.9348
13.6869
13.1144
13.2326
13.355
13.2764
13.3045
13.2347
13.2082
13.0467
13.4452
13.4733
12.855
13.1576
13.2347
12.9097
13.0769
13.1154
13.1649
13.1378
13.1837
13.1592
13.2441
13.3592
13.4848
13.0941
12.8336
13.3212
12.5065
13.1097
13.1899
13.2295
13.4566
13.1816
13.0519
13.0936
12.8514
12.9972
13.2811
13.0774
12.8378
13.0649
13.2634
13.1175
13.1071
13.0618
12.8732
13.1514
13.3066
13.4165
13.0597
13.1134
13.3446
13.1425
12.8159
12.9566
13.0201
13.0732
13.0258
13.1081
12.9988
12.8008
13.0618
13.2681
13.0238
13.4759
12.8383
13.2582
12.9863
13.0561
13.1644
13.2644
13.0092
13.0946
13.0795
13.2639
12.956
13.1285
13.0795
13.1503
13.342
13.0571
12.9363
12.9639
13.0644
12.9717
13.3134
13.0545
13.2123
13.2602
12.8326
13.1873
13.292
12.8524
13.3019
13.0837
13.0326
12.9008
13.1649
12.8586
12.8435
13.0732
13.13
12.9008
13.1931
12.9717
12.9753
13.1514
13.0008
13.3191
12.9227
13.191
12.942
12.9201
13.2743
13.0717
13.1654
13.5598
13.0628
13.204
13.4025
13.1436
13.2493
13.2196
13.0602
13.105
13.0451
13.143
13.2212
13.3384
12.9842
13.3769
13.1134
13.4946
13.1894
13.317
13.217
13.3358
13.2368
13.3816
13.1852
12.8659
13.0102
13.2759
13.0701
13.2092
12.9008
13.1227
12.9555
13.5035
13.2582
13.3665
12.9701
13.1311
13.2092
13.1753
13.3092
13.1264
13.0472
13.5165
13.2425
13.1878
13.366
12.9988
12.7633
13.1899
13.291
13.0764
13.3353
13.1118
13.068
13.4254
13.104
13.4118
12.9779
12.7904
13.1285
13.0097
13.2728
12.9686
13.1717
13.0852
13.1217
12.943
12.929
13.316
13.2842
13.0998
13.1905
13.0321
13.0696
13.2097
13.0352
13.3144
13.1753
13.4603
13.4295
13.3457
13.1597
13.0394
13.5499
12.88
12.9607
13.0983
13.0743
13.1212
13.3035
13.2941
13.3347
13.4129
13.416
12.9581
13.0456
13.0436
13.055
13.2071
13.1707
13.3801
13.1628
13.8077
13.7728
13.5483
13.79
13.7879
13.6504
13.99
13.989
13.579
13.7181
14.1583
13.9614
14.0036
13.8186
14.0213
13.1811
14.0806
13.7488
14.0848
13.5426
13.1832
14.2187
13.8077
13.8218
13.2816
13.789
13.8535
14.126
13.6978
14.0145
13.4816
13.3337
13.7712
13.3129
13.4222
13.7296
13.9629
13.3368
14.3083
13.9171
13.9442
14.0046
13.8942
13.8265
13.5504
13.9098
13.7447
14.339
13.4545
14.0135
14.0187
13.964
14.0218
14.0754
13.6968
avg: 13.3264
