args: 112 256 1 128
core=7
this process 2740 of running processor:  4
this process 2740 of running processor:  5
this process 2740 of running processor:  6
17.7404
17.1862
17.0096
16.1892
17.0914
17.0007
16.4116
17.2362
16.0413
16.2824
16.3777
16.4304
16.4673
16.4319
17.3221
17.5706
16.1157
16.7325
17.0737
16.9424
16.9794
16.8757
17.0033
16.9653
17.1518
16.9596
16.8872
17.1929
16.9877
16.7674
16.7788
16.5345
16.2637
16.3236
16.7622
16.0147
16.7653
16.0407
16.284
16.3465
16.4486
15.984
16.2606
16.4439
16.4371
16.0116
16.4121
16.3939
16.0558
16.2949
16.358
16.4158
16.2658
16.235
16.0788
16.2553
16.5871
16.0824
16.2913
16.5168
16.5632
15.9918
16.5371
16.0496
16.5444
16.3595
16.2241
16.2652
16.6215
16.6184
16.7262
16.7981
16.3908
16.1418
16.0772
16.3965
16.8044
16.4533
16.4778
16.3288
16.3137
16.4892
16.497
16.3767
16.6194
16.5288
15.9407
16.5502
16.3585
16.5877
16.5184
16.2553
15.9959
16.57
16.3949
16.1673
16.2861
16.372
16.0501
16.0157
16.3074
16.5648
15.9527
16.3361
16.3064
16.3689
16.1402
16.1444
16.5554
16.5934
16.4944
16.4132
16.5882
16.4741
16.3642
16.3668
16.347
16.5272
16.1303
16.434
16.5528
16.2356
16.7846
16.4965
16.2861
16.6538
16.7184
16.2402
16.6486
16.4752
16.2173
16.5507
16.5861
16.5918
16.4892
16.5075
16.5069
16.422
16.495
16.5272
16.5491
16.2533
16.4637
16.2329
16.5095
16.3064
16.2548
16.5752
16.7101
16.5476
16.1574
16.6366
16.3757
15.9532
16.4491
16.4226
16.0387
16.2199
16.3397
16.4496
16.4543
16.4215
16.1621
16.3528
16.5325
16.0897
16.2434
16.2319
16.1824
16.0402
16.36
16.198
16.6752
16.358
16.6715
16.3054
16.2033
16.3189
16.5403
16.7523
16.5773
16.3283
16.3684
16.7538
16.4382
16.4507
16.4293
16.4382
16.3626
15.9928
16.2079
16.2293
16.2423
16.4345
16.2637
16.1387
16.0621
17.1018
17.3325
17.2284
16.7163
15.935
16.9289
17.232
17.0367
16.8502
17.3195
16.8341
16.3835
16.3293
16.4137
17.3721
17.3211
15.9741
17.0752
16.8387
17.1737
17.5737
17.0528
16.5252
16.895
17.0377
16.9804
16.4767
16.9351
17.1299
17.3346
16.944
16.5887
17.1804
17.2169
16.7997
16.944
17.0403
17.2836
16.6351
16.8278
17.0315
17.3945
16.6398
16.9455
17.1367
16.9445
16.9763
16.6017
16.5976
17.2773
17.4742
16.3866
17.2773
16.6241
16.8867
17.0445
16.6434
16.7872
17.2877
17.0158
17.0575
17.1133
17.0242
17.0315
17.2544
17.0497
16.1809
16.5424
17.0716
16.6476
16.2814
15.9871
17.083
17.3117
16.0038
16.9747
17.019
16.8242
17.3753
16.6809
16.9539
16.7814
17.0903
16.8158
16.7731
17.0179
16.8226
16.1408
16.9518
17.0179
16.7445
16.7205
17.0273
17.0919
16.1527
17.1143
16.9934
16.7601
16.882
17.1653
17.2763
16.335
16.3496
avg: 16.5946
