args: 112 256 1 128
core=5
this process 2740 of running processor:  4
46.2401
44.555
45.3978
45.1441
45.3108
45.4332
45.6432
44.9035
44.8066
45.0171
45.7776
44.5951
45.1509
45.4728
45.5859
44.4191
46.4083
44.8571
45.1942
44.5514
44.6712
45.6176
45.4671
45.2884
45.8984
44.8051
45.2811
44.1644
46.5167
45.1311
45.4947
44.6978
45.0744
45.0228
44.4774
45.3921
45.4697
45.4557
46.1406
44.7993
45.1999
45.3108
47.2538
46.9975
44.4821
44.2311
45.4046
47.0319
44.941
44.1467
45.7416
45.2249
44.7545
45.1504
44.6999
45.2515
44.5743
46.2344
44.2696
44.6217
44.753
44.5795
45.9812
45.1608
45.4843
45.6724
44.952
44.1212
45.6828
43.4789
46.6297
45.6447
44.6389
45.2129
44.7171
45.8286
46.5204
47.5465
46.0026
45.801
45.3468
44.7858
45.7718
44.3738
45.4234
44.6889
44.578
44.2535
46.873
47.4658
46.4615
45.3129
45.3359
44.7473
46.5047
45.5968
44.89
44.9874
45.4656
45.2932
43.8123
44.7478
45.4817
44.0415
44.5483
47.7872
45.0332
45.9094
45.8469
44.6348
45.0374
45.5578
45.9802
44.3972
44.6915
44.6004
47.3934
44.4358
45.5416
46.111
45.0478
45.2234
47.4215
45.8281
44.441
44.7879
44.7447
45.2786
45.2364
43.1841
45.8338
43.7659
43.1518
45.6896
45.1557
45.102
45.1713
44.8072
44.4733
45.7614
45.6463
43.7461
45.35
45.3234
45.1541
44.816
44.8306
45.0228
43.9628
44.8838
44.4879
45.0239
44.0259
44.9994
46.3995
44.1879
45.4994
45.6922
44.964
44.4379
45.1171
45.4145
45.2067
45.9438
44.4467
44.4889
45.002
44.0436
46.1209
44.8728
44.0514
44.8218
44.9405
43.7295
45.6677
45.189
44.4905
45.275
44.4822
45.4494
44.6291
44.7186
44.0399
45.6432
44.6285
45.3291
44.1472
44.2259
45.0979
45.7495
45.0265
45.1296
45.7094
44.9812
45.5265
43.8238
46.1849
45.4724
45.4995
44.0879
44.6202
47.2163
46.7428
43.7967
45.2416
43.4701
45.2906
44.4218
44.3322
44.2087
44.5129
45.0916
44.8327
44.3337
45.5687
44.7442
45.038
45.1156
46.7751
47.4148
45.6505
45.5927
45.2843
45.3047
46.4881
44.727
45.0442
44.9015
44.1025
45.2526
43.667
44.4749
44.0285
44.0399
43.2414
44.1894
43.7399
43.8743
44.6614
45.675
45.0916
44.8291
46.4277
44.9124
44.3202
45.7917
44.9994
45.276
44.7629
43.8863
45.7219
45.9532
45.2916
45.1677
45.1599
45.711
44.365
45.4906
44.5681
45.5333
45.7787
44.9395
44.6359
44.7228
44.552
45.3526
44.5119
44.0165
45.4224
43.7378
44.8609
45.8454
45.4396
44.5056
44.5176
44.8505
44.4306
47.2059
44.9536
44.3681
46.0146
45.3187
44.5744
44.9744
44.578
45.5625
44.639
44.4874
44.5713
44.6348
44.6317
44.4947
44.1358
45.2922
46.2537
44.5291
45.0276
45.2182
45.3958
44.9989
avg: 45.1026
