args: 112 256 1 128
core=6
this process 2740 of running processor:  4
this process 2740 of running processor:  5
25.9725
25.6563
25.5552
23.2196
26.3189
24.1369
24.614
25.0969
24.9062
25.2177
24.3249
25.7365
25.0562
24.7875
24.3437
24.0686
24.0791
24.5161
24.2817
24.0483
23.8525
23.5165
23.6952
23.5941
24.6072
23.4722
24.4213
22.917
24.9781
24.8338
23.1743
24.1785
23.941
24.5749
23.5696
23.2092
24.7125
23.6681
25.2526
23.2889
23.6613
24.5338
23.728
23.4503
24.2259
23.6134
24.5999
24.4796
23.5899
25.2047
24.0697
23.9087
22.8977
24.5067
23.7978
24.4307
23.3925
24.476
24.1608
23.7071
24.1202
23.9431
25.3432
24.7317
23.7665
24.365
23.6519
24.7677
24.6302
23.7973
23.8441
24.8547
23.9816
24.589
23.5931
23.5379
24.764
24.5692
24.1114
24.8713
23.1326
24.4755
22.8425
24.8213
23.954
23.3446
24.6968
23.7212
23.7973
25.0448
24.6802
23.7186
24.3239
24.488
23.804
23.7269
24.9344
24.963
23.0836
23.828
24.9802
24.463
24.576
23.8811
23.4816
24.6953
22.9414
23.7155
23.2045
23.2701
23.1435
23.6775
23.3759
23.8046
23.6092
23.69
23.4337
23.1107
23.4764
23.2232
23.4978
23.6936
23.3373
23.8124
22.7716
23.4212
22.9086
23.2665
23.5175
23.7077
23.0295
23.6327
23.3092
23.5056
23.4837
23.3404
23.8186
23.4311
23.4806
23.4644
23.567
23.3123
23.4498
23.7144
23.5269
23.4946
23.4477
23.6624
23.4337
23.5217
23.6858
23.1769
23.4978
23.8983
23.6301
23.1206
23.2774
23.4894
23.2357
23.242
23.466
23.6832
23.1435
23.53
23.4066
23.5863
23.3556
23.6639
23.5342
23.48
23.4477
23.4728
23.5202
23.8754
23.7671
23.59
23.6295
23.578
24.2343
23.3722
24.3577
23.5472
23.9452
23.6926
23.2868
23.7702
24.0082
23.2816
23.7577
23.6488
22.9383
23.4134
23.5238
24.1124
23.6118
23.4441
23.38
23.8665
23.4967
23.6941
23.6707
23.7488
23.7556
23.4311
23.4295
23.8431
23.591
23.1342
23.5139
22.9003
23.7379
23.6134
23.417
24.0056
23.4702
23.8014
23.5853
23.7624
23.5004
23.9681
23.6045
23.1477
23.6535
23.7223
23.4394
23.4399
23.6837
23.8238
24.5958
24.6786
23.9082
23.6566
23.9067
24.1749
24.9401
23.2712
24.6895
24.6968
24.4812
23.0227
24.9047
23.466
24.6718
23.2774
24.0103
24.5802
24.0947
24.1025
24.3827
23.7421
23.9416
23.3285
23.7108
25.088
23.866
24.4557
23.7014
24.0629
24.5822
23.9973
24.8594
24.0275
23.84
23.7733
24.9682
22.9883
24.4947
24.4828
24.2749
23.8113
23.6014
25.0995
22.8243
24.7682
25.1261
23.1451
24.4067
28.5665
24.5109
24.0666
23.4769
23.7764
23.9983
24.5463
24.4421
22.9008
24.3885
23.8442
23.3498
22.7862
24.8812
23.479
24.0765
24.825
24.014
23.5441
24.9234
24.3286
22.9128
24.1572
avg: 23.9178
