args: 112 128 1 128
core=5
this process 2722 of running processor:  4
24.4987
23.2606
23.3934
23.4325
23.3997
23.4215
23.3705
23.3132
23.4085
23.3627
23.3502
23.3825
23.3835
23.3762
23.4153
23.3689
23.3549
23.3913
23.4184
23.3668
23.3554
23.2965
23.4148
23.4002
23.4007
23.4017
23.396
23.3012
23.3361
23.3606
23.3851
23.4215
23.4247
23.3877
23.3002
23.3648
23.4137
23.3601
23.5252
23.3465
23.3653
23.3898
23.3502
23.3695
23.3616
23.3846
23.3851
23.3319
23.4689
23.4038
23.3632
23.3689
23.3892
23.3674
23.3762
23.3174
23.3971
23.47
23.409
23.3111
23.2898
23.4064
23.4106
23.3231
23.4366
23.5002
23.4924
23.3304
23.3825
23.3622
23.396
23.3757
23.4044
23.3445
23.3236
23.4445
23.3309
23.2851
23.4408
23.4111
23.4372
23.4195
23.3658
23.3689
23.3304
23.358
23.3606
23.4518
23.3835
23.3716
23.4492
23.3887
23.4226
23.4288
23.2658
23.446
23.4028
23.4872
23.3518
23.357
23.3549
23.4481
23.3799
23.3257
23.4169
23.3721
23.4153
23.4273
23.4044
23.3622
23.3773
23.3471
23.3695
23.4169
23.3653
23.4882
23.3945
23.3434
23.3986
23.3663
23.4663
23.3674
23.3523
23.3716
23.4242
23.4299
23.3981
23.3028
23.5018
23.3455
23.3361
23.4111
23.3356
23.4476
23.2377
23.358
23.2705
23.383
23.3742
23.3414
23.4299
23.3065
23.3929
23.3658
23.42
23.4549
23.3018
23.4382
23.2528
23.3445
23.3283
23.4299
23.3695
23.3513
23.4377
23.3768
23.3242
23.3653
23.333
23.3783
23.345
23.295
23.3888
23.4205
23.3757
23.3393
23.3976
23.4346
23.3773
23.3367
23.4294
23.3825
23.2757
23.2971
23.4289
23.4351
23.3653
23.4205
23.3627
23.4195
23.4007
23.3841
23.4263
23.3914
23.4289
23.5112
23.42
23.4424
23.3893
23.3685
23.3705
23.4539
23.3054
23.4888
23.3455
23.5211
23.3955
23.358
23.4211
23.4174
23.3836
23.4247
23.4034
23.3091
23.3638
23.3606
23.4544
23.3309
23.4716
23.3763
23.4143
23.4325
23.3575
23.4539
23.2997
23.383
23.4232
23.3711
23.4122
23.3705
23.3804
23.4091
23.369
23.4289
23.4237
23.4153
23.4601
23.4081
23.345
23.3956
23.3002
23.3664
23.4164
23.3929
23.231
23.4258
23.4081
23.3185
23.2987
23.356
23.356
23.3664
23.381
23.357
23.3054
23.4117
23.3153
23.3575
23.3768
23.2898
23.47
23.3153
23.3878
23.3768
23.3831
23.3805
23.3716
23.3674
23.3518
23.369
23.3685
23.3924
23.4206
23.3914
23.3648
23.3982
23.3846
23.4034
23.3732
23.4122
23.4325
23.2794
23.3539
23.2612
23.382
23.3732
23.37
23.3721
23.3034
23.3211
23.2773
25.4436
23.3013
23.4018
23.2924
23.3445
23.3008
23.3424
23.42
23.3768
23.3409
23.3674
23.2877
23.2747
23.3148
23.3664
23.2805
23.4128
23.2758
23.3487
avg: 23.3848
