args: 112 128 1 128
core=7
this process 2722 of running processor:  4
this process 2722 of running processor:  5
this process 2722 of running processor:  6
9.59816
8.908
8.7658
8.75851
8.88457
9.03354
8.98457
8.89707
8.98666
9.03666
9.01062
9.01531
9.08458
9.03666
8.87832
8.89759
8.91009
9.05281
9.14709
9.09708
9.02989
9.05281
8.86529
9.09083
9.05437
9.12782
8.75851
9.02989
9.12782
8.87727
9.07052
8.57204
9.0825
8.77206
9.06896
8.98666
9.05229
8.75956
8.87207
8.86477
9.07573
8.47359
8.86113
9.01999
9.05645
8.87415
9.09812
8.86321
9.02416
9.06166
9.01947
8.86008
9.095
9.17053
8.57048
8.6533
9.04968
8.93405
9.05541
9.02781
8.66163
8.72987
8.47099
8.43713
9.09135
9.14605
8.84915
9.10021
8.783
9.01166
9.13042
9.05489
8.83144
8.66944
8.8705
9.06896
9.03927
8.98249
8.82258
8.75851
9.01374
9.03145
8.60434
9.07937
9.03406
8.86165
8.9877
9.03927
9.06635
8.88873
9.06479
8.99968
9.0101
8.83977
8.90696
9.02312
9.07052
8.85123
9.12469
9.0028
8.82414
8.82623
8.98874
8.85488
8.86425
9.06271
9.0726
9.17157
8.88405
8.94863
8.96218
8.47828
9.06427
9.03875
9.07729
8.49652
9.02469
8.90801
9.0424
9.11219
8.64132
9.07313
9.06792
8.70956
8.72414
8.80071
9.11896
9.05385
9.09969
9.07417
8.84342
9.07
8.91791
8.99187
8.69028
8.86582
8.90072
9.11636
9.03562
8.99968
8.75175
9.11324
8.77831
9.05438
9.09657
8.94707
9.06792
8.69497
8.71425
9.08302
8.85124
9.05333
9.06636
9.13147
9.12261
8.69497
9.06531
9.12938
9.12522
9.09188
9.05698
9.05698
8.81113
8.68924
9.14553
8.85436
8.49443
8.84759
9.05542
9.0476
9.0226
9.1299
9.06115
8.81842
9.0549
8.83926
8.55798
8.77154
8.83092
9.06167
8.94187
8.94708
9.02677
9.07052
8.69237
8.46527
8.85332
8.63976
8.78925
8.97989
8.80592
8.9877
9.07365
8.92312
9.0101
8.68195
8.87155
8.56371
9.11428
9.07
8.82467
9.0075
8.85332
9.09344
9.18512
8.8804
8.5236
8.72831
8.81165
9.06167
9.01792
9.05073
8.85176
9.03615
9.09553
9.08928
9.16064
8.91478
9.20751
9.0674
9.04396
8.74185
9.14084
9.05021
9.29606
9.02886
9.03511
8.86062
9.04969
8.83353
8.88978
9.0924
8.49496
9.01584
9.04709
9.08563
8.91531
9.2221
8.85593
8.83665
9.04917
9.02261
9.22679
9.06532
9.06011
9.03303
8.81478
8.94396
9.06584
9.06792
8.50694
8.78873
9.0997
9.05594
8.7679
9.03667
9.01531
9.04813
9.07834
8.46787
8.73248
8.88718
8.90906
9.05646
8.9101
9.03875
8.76373
8.81322
9.21741
8.86166
9.2195
8.92312
8.91947
9.07209
9.18981
9.10699
9.12053
9.12991
8.94239
8.98563
9.06272
9.14293
9.08147
9.12887
9.27992
8.94552
9.13876
9.09449
9.14762
9.30596
8.9351
9.12418
9.17262
8.97312
9.10386
9.21533
9.04032
9.07574
9.09032
8.93666
avg: 8.95722
