args: 112 128 1 128
core=8
this process 2722 of running processor:  4
this process 2722 of running processor:  5
this process 2722 of running processor:  6
this process 2722 of running processor:  7
8.22879
6.9688
7.45321
7.31309
7.17558
7.35893
7.31882
7.40685
7.40164
7.43758
7.33393
7.36622
7.21361
7.52144
7.43029
7.31257
7.4105
7.3157
7.41519
7.31049
7.0886
7.35164
7.29747
7.31361
6.94015
7.13652
7.11256
7.31414
7.23861
7.33132
7.10214
7.27663
7.236
7.3032
6.93911
7.32612
6.98338
7.22871
7.20788
7.3032
7.24486
7.10058
7.08183
7.45165
7.40842
7.96523
8.18921
7.21986
7.28653
7.28028
7.45738
8.09754
7.78293
7.33758
7.94284
8.14181
7.60947
8.10587
7.88346
7.72303
8.15119
7.50999
8.17098
7.88919
7.66052
8.1814
7.12767
8.43038
8.13712
7.26622
8.23088
7.5777
7.25163
7.89335
8.06576
7.27559
7.50166
8.12723
7.56312
8.05639
8.17254
7.63552
7.88241
8.08399
7.52926
8.04232
8.13608
7.51676
8.10066
8.10431
7.53968
8.11889
7.92096
7.7324
8.22619
7.31518
8.23401
8.16838
7.53239
8.20692
7.43238
7.28393
8.17098
7.87304
7.0662
7.5751
7.69177
7.90742
8.2314
8.13816
8.09806
7.19121
8.3486
8.22776
7.21257
7.93502
8.12618
8.0668
8.20379
7.53082
8.0517
8.15639
8.10952
8.22359
7.22142
7.82251
8.09337
7.5376
7.70167
8.03816
7.35737
8.13921
8.14129
7.96055
7.8595
8.08608
7.74699
8.17879
7.52405
7.94231
8.18608
7.75845
8.07462
7.54697
8.12931
7.91158
7.24643
8.11785
7.58604
6.93182
6.66096
7.92929
8.17879
7.31466
7.39488
7.88971
8.11733
7.35373
7.89544
8.1616
8.23557
8.22828
7.55218
8.13816
8.07774
7.53916
8.109
8.0991
7.51781
8.29808
7.91211
7.22403
7.88763
7.59073
7.79699
8.08556
7.47197
7.40894
7.2683
7.90742
8.09181
7.96107
7.97201
8.13504
7.20476
7.9043
8.11785
7.1834
8.25589
8.07098
7.49801
8.17255
7.47145
7.06621
7.81835
8.08816
7.59489
7.93711
8.10848
7.20632
7.93346
8.12254
7.32456
8.09858
7.91419
7.62823
8.05535
7.2506
8.19807
8.21474
6.7917
8.06993
7.76157
7.46936
8.23297
7.36154
7.48864
8.13296
7.6725
7.47457
8.14754
7.30112
7.40946
7.30268
7.12194
8.15171
7.88606
7.93086
8.08608
8.02357
8.13088
7.35998
7.95117
8.084
7.35165
7.36415
7.28133
8.42986
7.69438
8.02879
8.07723
7.31883
8.27308
8.10744
7.04329
7.91002
8.09389
7.66782
7.72459
7.57146
7.78085
7.02454
7.33289
7.94492
8.11994
7.23914
8.15796
8.17151
7.29591
8.10796
7.51103
7.66157
7.36467
7.35998
7.10579
6.92505
7.29695
7.35217
7.28289
7.13131
7.25737
7.06412
7.20372
7.30789
7.11829
6.69065
7.25633
7.24851
7.27976
7.34539
7.12194
7.2907
7.08756
7.07037
7.29748
7.46363
7.25997
7.33706
7.33185
6.72087
7.3355
7.10163
7.09381
7.32873
6.90682
7.06256
7.2657
7.28966
7.31571
7.28966
avg: 7.64147
