args: 112 128 1 128
core=6
this process 2722 of running processor:  4
this process 2722 of running processor:  5
13.2573
13.1036
13.7922
13.1385
12.3322
13.6281
13.238
12.1421
12.8677
13.9099
12.8448
12.9218
12.5916
12.5645
13.8391
13.3224
12.676
13.1536
13.4927
12.176
12.2546
12.3478
12.3333
12.2827
12.4416
12.3197
12.2843
12.3874
12.4369
12.4572
12.5713
12.2749
12.3254
12.3687
12.4442
12.4838
12.6781
12.3077
12.3958
12.3932
12.2926
12.2687
12.2848
12.3228
12.4192
12.2567
12.2629
12.2135
12.2593
12.1817
12.1416
12.4984
12.2135
12.2598
12.2426
12.3275
12.3145
12.2447
12.2588
12.2593
12.1942
12.2567
12.1577
12.2067
12.5072
12.1989
12.2374
12.5317
12.2718
12.2775
12.2504
12.1827
12.2911
12.4541
12.4947
12.0176
12.3062
12.2286
12.388
12.1666
12.4744
12.2317
12.2489
12.1317
12.4109
12.2739
12.314
12.5088
12.2452
12.1931
12.277
12.2994
12.4541
12.1895
12.4322
12.1562
12.4635
12.3004
12.5088
12.3624
12.2853
12.2515
12.251
12.2952
12.2692
12.1874
12.1734
12.4468
12.2989
12.3156
12.5119
12.2437
12.4848
12.24
12.2083
12.4567
12.2536
12.3093
12.2338
12.1999
12.3171
12.2791
12.202
12.6562
12.4234
12.2562
12.1999
12.2926
12.4036
12.2249
12.2702
12.3114
12.4317
12.2197
12.1478
12.414
12.2109
12.2963
12.3473
12.2629
12.2796
12.2932
12.2135
12.203
12.2765
12.2093
12.4781
12.1499
12.4239
13.6292
13.4281
12.0124
13.2307
13.6052
12.3999
12.8963
13.6761
12.8771
12.4791
13.0516
13.5172
12.8776
12.6713
12.215
13.6167
12.689
13.7756
13.6141
12.0478
12.2343
13.6063
13.2245
13.0771
13.6078
12.8422
12.2838
12.8224
13.6089
12.7463
12.6573
12.2458
13.6037
12.3874
13.4172
12.1629
13.2375
13.3109
12.5979
13.3297
13.3995
12.9667
12.2661
12.7869
13.2615
13.4349
12.4927
13.6021
13.324
11.9765
13.6698
13.5886
12.0806
12.4208
13.7636
13.2281
12.2494
13.3406
13.5849
12.3801
12.24
13.5771
13.2401
12.6692
13.4156
13.2589
12.6666
13.4792
11.9895
13.6328
13.5922
12.1213
13.5729
13.6177
12.2208
12.4395
13.0333
13.1167
12.1906
13.2636
12.937
13.361
13.2729
12.8057
13.3594
12.839
13.338
13.3771
12.6974
13.6964
13.6131
12.04
12.527
12.1749
13.687
13.2188
12.0249
12.6807
13.7313
12.8291
13.0896
12.4781
12.8297
13.7193
13.0635
12.8276
13.5901
12.8911
13.2073
13.6021
12.3989
12.6099
12.2536
13.662
12.6786
13.5995
13.587
12.3025
13.5933
13.6136
11.9984
12.2348
12.4255
12.1895
12.4453
12.2327
12.7172
12.0202
13.7271
13.6146
12.0202
12.3025
13.7099
13.2099
12.0317
12.6916
13.199
13.2594
13.1156
12.9823
13.225
13.3172
12.5963
12.6453
12.301
12.2713
12.5005
12.4854
12.4374
12.2661
12.1853
avg: 12.6702
