args: 56 32 3 64
core=6
this process 2512 of running processor:  4
this process 2512 of running processor:  5
3.60886
2.79451
2.8898
3.28135
3.19804
3.05225
2.94655
3.05537
3.0611
4.35708
3.80776
3.688
3.7911
4.39926
3.29749
3.44432
4.13944
3.36362
3.38705
4.48361
3.50785
3.71091
3.82182
3.21629
3.23919
2.97728
3.02102
3.04341
2.99915
3.0934
3.09079
3.04289
3.04705
3.11735
3.02258
3.07101
3.07309
3.08246
3.02467
3.1111
3.06528
3.01998
3.02258
3.10797
3.04757
3.08142
3.06476
3.00957
3.02519
3.0684
3.09392
3.0684
3.06892
3.35686
3.08871
3.24492
2.92261
3.01061
3.05278
3.06684
2.95437
3.02258
3.11474
3.06163
2.95854
3.0382
3.10954
3.03924
3.08871
3.30271
3.28188
3.72707
4.06083
3.20951
4.02646
4.28993
4.17642
3.59013
3.26418
3.07986
3.09079
3.02987
2.96218
2.99499
3.06007
3.10277
2.96739
3.29594
3.09548
3.03091
3.01998
2.99915
2.99551
3.06216
3.0179
2.98822
3.30479
2.99551
3.05226
3.11891
3.02727
3.09183
3.11735
3.03091
2.97728
3.25168
3.01529
3.05903
3.00071
3.00123
3.06111
3.06215
3.00644
3.07153
3.19701
3.02206
3.13869
3.0533
3.31677
3.03404
2.98457
3.20378
2.7664
3.02414
3.00123
3.1262
3.04445
3.21784
3.24387
3.16473
3.00904
3.096
3.02467
2.99186
3.13036
3.09079
3.12203
3.01842
2.96635
3.02102
3.25793
3.00332
2.98822
3.26782
2.8971
3.28397
3.31417
3.01894
3.1111
2.98457
3.08611
3.32354
2.99707
2.96062
3.04966
3.31313
2.83618
2.95541
3.00696
3.01009
3.07413
2.93667
3.10173
3.06892
2.99811
3.00696
2.96999
3.05382
3.12359
3.07153
2.94917
3.04081
3.02362
3.36728
3.25637
2.9575
3.09235
3.0684
3.14755
3.17566
2.97416
3.01373
3.02831
3.37196
2.94292
3.2444
3.04757
3.03456
3.09912
3.04393
2.9929
3.00696
3.06215
3.06528
3.05122
3.04289
3.04445
3.23502
2.97624
2.96999
3.04393
3.28917
3.05486
3.07934
3.03404
3.00019
3.33864
3.32354
3.04705
3.03456
3.02467
2.89762
2.95958
3.02779
3.05539
3.09496
3.06944
3.03352
3.18139
2.84659
3.00696
3.07049
3.14807
3.03091
3.12984
3.30427
2.9778
3.21992
3.28605
3.06944
3.29438
3.10797
3.04914
3.24179
3.31729
3.01269
3.03248
2.93823
3.29646
3.26262
3.32146
3.23086
2.79765
3.05799
3.09183
3.28032
3.0507
3.2319
3.15796
2.95541
2.99655
3.2621
2.98197
2.9903
2.96895
3.25689
3.07257
3.19233
3.27564
2.93823
3.04133
3.29334
3.25325
3.21315
2.96062
3.0231
3.09548
3.02935
3.07934
3.0382
2.97051
3.02154
2.99499
3.03456
2.98978
3.04497
2.98353
3.02206
3.04133
3.22877
2.82108
3.23346
3.08871
2.9627
3.23294
3.03352
3.10016
3.29282
3.008
3.03091
3.06059
3.22148
3.03091
2.8872
3.34437
3.00123
3.08454
3.04289
2.96687
2.97364
avg: 3.13085
