args: 56 32 3 64
core=5
this process 2512 of running processor:  4
5.94826
5.12298
5.01729
5.15995
5.27659
5.14329
5.17557
5.11621
5.26721
5.21098
5.18807
5.15683
5.21098
5.1688
5.08758
5.20057
5.43696
5.24066
5.20004
5.20317
5.66762
5.39582
5.35364
5.5817
5.28439
5.44529
5.1688
5.19952
5.39322
5.53953
5.23285
5.23649
5.21254
5.34271
5.23389
5.30991
5.30366
5.14277
5.26201
5.40884
5.26409
5.31147
5.40311
5.30887
5.34011
5.2745
5.23701
5.26877
5.25003
5.50464
5.34271
5.31511
5.22816
5.37604
5.30366
5.28075
5.32917
5.23701
5.16151
5.22243
5.15735
5.13652
5.29168
5.32917
5.30574
5.32657
5.30418
5.2266
5.45674
5.2089
5.19067
5.32501
5.29116
5.30626
5.26409
5.27763
5.20421
5.26253
5.18859
5.17297
5.28492
5.22295
5.22556
5.32501
5.26565
5.33126
5.20317
5.20473
5.14017
5.31407
5.1964
5.34219
5.24118
5.01312
5.01052
5.16099
5.17661
5.15318
5.29585
5.33803
5.21306
5.41717
5.29325
5.41561
5.19796
5.33594
5.29429
5.29377
5.3323
5.30731
5.27242
5.21723
5.29689
5.22816
5.34427
5.18755
5.11153
5.23389
5.21202
5.17141
5.0933
5.34896
5.48121
5.67491
5.2568
5.14641
5.17089
5.25473
5.28702
5.28025
5.24433
5.17091
5.17976
5.38387
5.41511
5.39064
5.28286
5.26567
5.19122
5.19434
5.14592
5.28546
5.21829
5.15581
5.20319
5.68326
5.2813
5.27713
5.30004
5.40157
5.15477
5.31722
5.29327
5.47811
5.7598
5.65202
5.56403
5.17247
5.17299
5.20527
5.15998
5.17768
5.12249
4.98555
4.99596
5.24693
5.30837
5.32451
5.27557
5.52237
5.33336
5.27713
5.21725
5.31462
5.29223
5.2235
5.34378
5.06781
5.13811
5.79937
5.68899
5.66244
5.39428
5.30421
5.33284
5.30733
5.26567
5.2662
5.1907
5.10635
5.3469
5.1355
5.14748
4.98503
5.05688
5.08448
4.97617
5.08552
5.10478
5.15998
5.18549
5.33336
5.20007
5.30368
5.26307
5.29067
5.30108
5.211
5.21361
5.18393
5.39897
5.29796
5.14592
5.00898
5.13186
5.21048
5.18185
5.14592
4.97045
4.96628
5.27921
5.42657
5.21777
5.23391
5.29223
5.25838
5.30316
5.11468
5.01575
4.96784
5.12249
5.0902
5.14592
5.11259
5.28442
5.2688
5.43438
5.25682
5.19799
5.30889
5.27036
5.30941
5.29796
5.29952
5.31618
5.27453
5.53539
5.38856
5.299
5.28546
5.23756
5.28234
5.20319
5.09593
5.1657
5.21361
5.10791
5.09593
5.07927
5.15529
5.42917
5.22766
5.30941
5.30889
5.11676
5.18653
5.20319
5.25682
5.23808
5.12561
5.14852
5.43542
5.32295
5.35211
5.28182
5.37502
5.17247
5.20684
5.22194
5.1907
5.18913
5.32347
5.30993
5.17143
5.27609
5.31826
5.27244
5.35471
5.30785
5.2714
5.22142
5.11103
5.12353
5.21569
5.13238
5.11936
5.27453
5.30629
5.29639
5.15008
avg: 5.2559
