args: 56 32 3 64
core=8
this process 2512 of running processor:  4
this process 2512 of running processor:  5
this process 2512 of running processor:  6
this process 2512 of running processor:  7
2.68519
2.25666
2.02444
1.9932
2.24417
1.92967
2.23063
2.13795
2.12389
2.1067
2.1468
2.19834
2.27905
2.18897
2.01506
2.61021
3.01687
2.80234
2.48733
1.96456
2.99604
2.69092
1.96768
2.99344
2.45088
2.39152
2.77631
3.00906
2.75652
2.41912
2.98771
2.72112
2.70966
2.96063
2.38527
2.78881
2.95126
2.50816
2.97365
2.39152
1.99684
3.03874
2.21657
2.62271
2.80443
2.98615
2.67217
3.00541
2.40818
2.42224
2.80495
3.02624
2.60032
2.45765
2.98198
2.19418
2.8289
2.79037
2.61802
1.88906
3.01583
2.40714
2.78204
2.77266
1.93384
2.82838
2.542
2.00152
2.39308
2.9924
2.95855
2.44463
2.77579
2.79506
2.9924
2.63
2.52482
2.75861
2.43214
2.9773
2.1041
2.96636
2.82838
2.76329
2.51388
2.98302
2.36392
2.12649
1.97497
2.76954
2.9976
2.77006
2.78724
2.37121
2.95126
2.3733
2.9497
2.62271
2.67373
2.756
3.00489
2.77579
2.9825
2.58938
2.51128
2.995
2.38475
2.99656
2.76642
2.44567
2.9924
2.38007
2.76329
2.93512
2.68623
2.98042
2.39933
2.95543
2.5696
1.74326
1.76097
1.74014
1.70265
1.7214
1.95935
1.74222
1.74326
1.9682
1.75576
1.73858
1.75784
1.75212
1.93956
1.94581
1.69536
1.69224
1.70577
1.94008
1.91197
1.75628
1.97341
1.94685
1.92655
1.72869
1.9406
1.64694
1.724
1.96925
1.94114
1.73182
1.71672
1.95103
1.70057
1.99216
1.97654
1.98227
1.95623
1.72296
1.72244
1.9578
1.75212
1.7063
1.61518
1.95623
1.73025
1.72557
1.72713
1.96925
1.97914
1.93541
1.96144
1.95571
1.72088
1.93957
1.73859
1.7188
1.74692
1.94686
1.69381
1.76983
1.74535
1.94061
1.94686
1.9578
1.95571
1.7063
1.93697
1.72973
1.72973
1.7313
1.95311
1.96561
1.93853
1.71672
1.7313
1.96977
1.73442
1.75108
1.75421
1.70786
1.95155
1.9427
1.9479
1.9479
1.95415
1.91822
1.71203
1.96092
1.95832
1.68183
1.71307
1.74171
1.71099
1.74379
1.96248
1.71047
1.71984
1.99268
2.00362
1.72505
1.71984
1.74275
1.74848
2.00518
1.96248
1.95155
1.93801
1.65632
1.93384
1.94582
1.71411
1.96092
1.7037
1.7188
1.92395
1.73234
1.90937
1.71619
1.91562
1.73338
1.95311
1.95311
1.92551
1.87553
2.11504
2.35352
2.16503
2.21814
2.15305
2.22439
2.18846
2.18117
2.00622
2.26552
2.17544
2.09057
2.16347
2.16399
2.20616
2.22387
2.15618
2.04527
2.17544
2.19887
2.12962
2.20825
2.11661
2.18846
2.15722
2.21814
2.18586
2.18898
2.17544
2.17336
2.10619
2.22543
2.21293
2.01039
1.94113
2.19783
2.20877
2.24522
2.16972
2.18586
2.18325
2.17492
2.04996
2.1291
2.16243
2.19679
2.22908
2.18378
2.2145
2.1843
2.22856
2.21502
2.14629
2.21293
2.19002
2.1692
avg: 2.19855
