args: 56 32 3 64
core=7
this process 2512 of running processor:  4
this process 2512 of running processor:  5
this process 2512 of running processor:  6
3.19753
2.38682
2.58989
2.59145
2.61593
2.68049
2.68101
2.70288
2.47222
2.66904
2.67216
2.68778
2.66175
2.53418
2.64769
2.76068
2.5222
2.60499
2.70653
2.42327
2.67528
2.67893
2.16293
2.1848
2.36496
2.0062
2.17439
2.13637
2.16345
2.12023
2.17907
2.42015
2.1546
2.15512
2.18792
2.20146
2.40401
2.37277
2.15876
2.18063
2.15772
2.36287
2.21604
2.1244
2.14991
2.17855
2.37068
2.14835
2.1468
2.18013
2.41131
2.14211
2.36184
2.1192
2.40141
2.16034
2.20043
2.3431
2.3431
2.26552
2.17596
2.20355
2.21449
2.18168
2.2072
2.19574
2.16294
2.18533
2.19158
2.1645
2.39152
2.13534
2.18585
2.14472
2.40818
2.34622
2.40454
2.12962
2.13899
2.15513
2.16398
2.19782
2.38631
2.14836
2.39673
2.24313
2.40818
2.1973
2.35195
2.20928
2.18377
2.3936
2.39777
2.1619
2.37434
2.1645
2.17127
2.18845
2.20616
2.17596
2.35247
2.38579
2.2124
2.34987
2.14003
2.16554
2.16554
2.38371
2.11608
2.2275
2.41235
2.15669
2.15044
2.36028
2.04266
2.391
2.16502
2.14472
2.16398
2.15096
2.14524
2.11399
2.34674
2.12753
2.35716
2.16138
2.09265
2.16606
2.17648
2.42745
2.19783
2.3884
2.13274
2.18273
2.44463
2.17544
2.4238
2.38215
2.12389
2.41808
2.35976
2.38163
2.36757
1.98174
2.38111
2.14732
2.19939
2.177
2.42693
2.14107
2.14732
2.15982
2.12337
2.39621
2.1192
2.22178
2.19574
2.20772
2.19106
2.3936
2.39725
2.09629
2.19626
2.3936
2.13586
2.39829
2.3582
2.13795
2.10775
2.23636
2.14159
2.15773
2.19054
2.17439
2.39465
1.94633
2.14211
2.44724
2.4035
2.21761
2.3884
2.04006
2.3608
2.13899
2.2072
2.18689
2.17543
2.14836
2.19158
2.18481
2.19678
2.11556
2.39256
2.40142
2.13742
2.15721
2.16502
2.41391
2.21136
2.16971
2.43838
2.25875
2.03537
2.41704
2.16554
2.1947
2.36549
2.37017
2.29519
2.15096
2.23115
2.38267
2.36392
2.11556
2.17023
2.15929
2.12285
2.18325
2.3608
2.18689
2.13118
2.10566
2.12962
2.19366
2.17804
2.15721
2.36445
2.13326
2.37746
2.12337
2.21136
2.15096
2.37069
2.15409
2.16815
2.18845
2.39985
2.17179
2.34935
2.11764
2.20616
2.41391
2.35924
2.14784
2.37642
2.82265
3.23972
2.45609
2.8893
2.59928
3.448
3.08195
2.38631
3.29544
3.43602
3.07623
3.07675
3.44539
2.40037
3.49382
3.24545
2.88357
3.09497
3.26003
3.47299
2.8466
2.36653
3.47299
2.53836
2.44619
3.27565
3.03665
2.81588
3.36729
3.2215
2.46442
3.03301
2.1494
3.4683
2.63104
3.48132
3.26472
3.03301
2.99552
2.39777
3.47299
2.87732
3.43446
2.36445
2.44932
3.45841
2.60917
3.24285
3.22775
3.07831
2.3457
2.48212
3.47768
2.39152
3.48184
avg: 2.39723
