args: 224 92 1 128
core=5
this process 2787 of running processor:  4
76.2332
75.3087
75.1879
75.2634
75.2108
75.4165
75.2207
75.4222
75.266
75.2628
75.2717
75.3399
75.2936
75.2233
75.3165
75.3253
75.3352
75.2253
75.3618
75.2707
75.192
75.2206
75.2451
75.3337
75.3722
75.2222
75.4008
75.1529
75.3581
75.1909
75.242
75.1519
75.3852
75.2123
75.4201
75.0992
75.3883
75.3435
75.3315
75.3185
75.3753
75.3748
75.2477
75.3394
75.2789
75.218
75.2419
75.4336
75.368
75.3195
75.3076
75.332
75.3336
75.1128
75.2862
75.4956
75.1742
75.3211
75.2836
75.2034
75.3206
75.132
75.2101
75.2586
75.3784
75.3461
75.2331
75.1362
75.4627
75.2659
75.2825
75.3372
75.1367
75.1507
75.2523
75.2237
75.2794
75.345
75.1705
75.3669
75.1924
75.3752
75.2539
75.283
75.2372
75.2408
75.0471
75.2481
75.3033
75.2617
75.2653
75.308
75.1924
75.3106
75.1721
75.2861
75.2893
75.1627
75.257
75.1325
75.2559
75.2924
75.4293
75.2382
75.2788
75.0762
75.1871
75.3158
75.4205
75.184
75.1715
75.1819
75.4007
75.1819
75.2564
75.5137
75.3679
75.208
75.4262
75.2095
75.1616
75.1824
75.0835
74.9402
75.2876
75.3304
75.3647
75.2069
75.2434
75.36
75.2246
75.3064
75.1907
75.1423
75.2861
75.2657
75.2204
75.396
75.2725
75.3017
75.2636
75.2741
75.2668
75.1642
75.3058
75.3527
75.2069
75.1022
75.2787
75.3683
75.2912
75.4548
75.3371
75.1131
75.2079
75.2579
75.2068
75.1157
75.2391
75.3095
75.4183
75.2371
75.2365
75.3532
75.1261
75.2391
75.2959
75.3063
75.4448
75.0948
75.0396
75.274
75.2928
75.2756
75.4047
75.2641
75.298
75.2589
75.3047
75.3282
75.2354
75.1724
75.3599
75.2245
75.1729
75.1469
75.2068
75.1735
75.3115
75.2506
75.4313
75.1755
75.2537
75.3141
75.2865
75.2729
75.3287
75.2354
75.1609
75.4146
75.2823
75.2719
75.2917
75.2021
75.2203
75.3177
75.2901
75.3807
74.9708
75.2943
75.2187
75.2193
75.1974
75.1833
75.1734
75.1281
75.4266
75.239
75.1474
75.3182
75.3005
75.2083
75.2651
75.2968
75.3755
75.2151
75.3619
75.2119
75.3453
75.2062
75.2812
75.1442
75.0734
75.4677
75.3802
75.2015
75.2604
75.1723
75.289
75.0994
75.3083
75.3041
75.138
75.1963
75.3135
75.214
75.2056
75.3577
75.2744
75.3739
75.3015
75.2431
75.1681
75.2911
75.1218
75.1895
75.2958
75.352
75.2478
75.2093
75.2379
75.2322
75.2254
75.2546
75.0728
75.177
75.3192
75.2192
75.3884
75.2473
75.2515
75.466
75.2697
75.2712
75.3754
75.4848
75.2259
75.0801
75.2093
75.1702
75.3441
75.3124
75.4488
75.2332
75.1285
75.1389
75.215
75.2889
75.0514
75.0733
75.1519
75.2728
75.1613
75.1983
75.2207
75.3139
75.1853
75.3249
75.3165
75.241
avg: 75.2615
