args: 224 92 1 128
core=7
this process 2787 of running processor:  4
this process 2787 of running processor:  5
this process 2787 of running processor:  6
30.6226
29.922
29.91
30.1236
30.0158
30.4054
30.0376
30.133
30.7403
30.5851
30.2278
30.0038
30.246
30.0507
29.4767
30.2746
30.2731
29.1053
30.3184
29.683
29.5387
30.4377
29.5392
30.1001
30.1741
30.0595
30.1606
30.4215
30.8856
30.2652
29.7793
31.1252
30.0908
30.6996
30.2981
30.4017
30.6996
30.2142
30.7095
30.8668
30.4543
30.8632
30.6095
30.0736
30.5028
30.359
30.0819
29.7361
30.4679
30.4637
30.7236
30.5257
30.6824
30.2397
31.1528
30.2418
29.4522
29.5574
30.4632
29.5199
30.4491
29.6444
29.5183
29.5501
29.5241
29.6204
29.497
29.447
29.6251
29.4975
29.6736
29.685
29.3017
29.3178
29.472
29.5569
29.4449
29.5496
29.9319
29.5616
29.5814
29.2433
29.497
29.5392
29.9163
29.8762
29.6564
29.5267
29.3782
29.21
29.6423
29.3116
29.5262
29.0657
29.6027
29.498
29.5428
29.9043
29.1855
29.4303
29.6017
29.6814
29.6251
29.7777
29.7949
29.4959
29.3788
29.3975
29.5626
29.61
29.7694
29.673
29.722
29.3944
29.7048
29.8704
29.3298
29.6324
29.5616
29.8569
29.1965
29.7173
29.3194
29.2298
29.4475
29.2845
29.222
29.4418
29.4636
29.648
28.9319
29.4511
29.5308
29.6538
29.5746
29.4511
29.434
29.4767
29.1272
29.3048
30.259
29.4663
29.6241
29.2954
29.9371
29.5636
30.048
30.1704
29.8657
29.7251
30.0788
29.4814
29.7163
29.7944
29.3215
29.6183
29.8189
29.7735
30.0168
29.4402
29.6314
29.2439
29.3319
31.2829
30.0501
30.098
29.7564
30.0178
30.6402
30.7647
30.5324
30.934
31.0965
30.8949
30.7637
30.3944
30.723
30.6835
30.8335
30.7803
30.5777
30.3236
30.8668
30.7871
30.9012
30.1194
30.7689
30.5361
30.8923
31.0178
30.0959
30.4579
30.3413
30.5803
30.1079
30.1574
30.8085
30.7861
29.5886
30.4939
30.5178
30.9767
30.2314
30.8194
30.8069
29.6178
30.3376
29.9845
30.0975
29.9439
29.1428
30.5538
30.3308
29.597
30.1267
30.3183
30.2621
30.4142
30.2402
30.2272
30.2767
30.359
30.1397
30.2892
29.9782
29.3902
30.298
30.3428
30.1069
29.5454
29.6016
30.0329
29.8725
29.8319
29.2959
29.3761
29.5329
29.2292
29.3042
30.6767
30.2298
29.2511
29.7339
29.497
29.7371
29.8412
29.6772
30.0324
29.4589
29.7027
29.6339
29.4324
29.8037
29.5001
30.0324
29.7121
29.7381
30.1298
29.6022
29.8194
29.5605
29.21
29.5829
30.0985
29.672
29.2605
29.4829
29.2522
29.6787
29.7938
29.8246
29.5558
29.1709
29.3761
29.1313
29.6048
30.0048
29.3558
29.972
29.5954
29.761
29.899
29.9871
29.9839
29.5714
29.9272
29.7209
29.6621
29.7772
29.9339
29.572
29.9235
29.6506
29.811
29.7261
29.4704
29.3334
29.6891
29.2933
29.6678
avg: 29.9075
