args: 224 92 1 128
core=8
this process 2787 of running processor:  4
this process 2787 of running processor:  5
this process 2787 of running processor:  6
this process 2787 of running processor:  7
25.9969
25.1786
25.3396
25.1328
25.2328
25.412
25.2646
25.5437
25.625
25.687
25.8042
25.6312
25.3698
25.8318
25.6687
25.5198
25.4094
25.2281
25.3354
25.2932
25.3963
25.5573
25.901
25.3875
25.6094
25.4984
25.313
25.7625
25.701
24.8083
25.7115
25.3245
25.4151
25.4651
25.4719
26.2109
26.1167
26.5484
26.5005
26.6766
26.3484
26.7719
26.1573
26.5094
26.8136
26.2974
26.5031
26.4943
26.5813
26.6255
25.9469
26.0755
26.6031
26.9734
26.7198
26.7787
26.4307
26.9151
26.2568
26.5083
25.7911
26.4625
25.912
25.9833
26.2932
26.3349
26.9573
27.0755
26.1714
25.5104
26.562
25.6927
26.3901
26.9469
26.7141
26.263
26.7307
25.9208
26.0047
26.8708
25.5151
26.6729
26.5089
25.9255
26.8583
26.726
25.7234
26.4328
26.1167
26.2656
26.3307
25.4469
26.6255
26.4755
26.0526
26.0338
26.0213
26.0052
26.0542
26.1963
25.925
25.9547
25.2135
25.6958
25.7479
25.3151
25.8078
25.4078
25.4557
25.514
25.2276
25.6208
25.2479
25.7182
25.5812
25.4927
26.3167
25.1302
25.9521
25.2291
25.2786
25.6146
25.8239
25.9104
25.9828
25.6922
25.401
25.4604
25.0375
25.7192
25.1864
26.1745
25.8776
26.238
25.5687
25.2843
25.6937
25.1755
25.7245
25.5896
25.5062
25.5843
25.2281
24.9942
25.2026
25.8672
25.9781
25.8151
25.2984
25.6656
25.8093
25.2588
25.1937
25.3093
26.0906
25.8745
25.7166
25.3869
25.4088
25.9354
25.8557
25.5156
25.3005
25.0833
25.4698
25.1135
25.3901
25.1989
25.4729
25.5213
25.7448
25.3547
25.1968
25.6484
25.5922
25.1395
25.9515
25.1494
25.7416
25.4875
25.5854
25.4047
25.3286
25.4937
25.6661
25.9104
25.4281
25.5817
25.3421
25.8125
26.0968
25.7578
25.2989
25.9682
25.5026
25.7823
25.3093
25.4505
25.8031
25.7182
25.4979
25.1296
26.2052
25.0296
25.1994
25.35
25.9781
25.2098
25.6099
25.3416
25.5546
24.7395
25.7974
25.0614
25.639
25.9974
25.8474
25.1651
25.2411
25.4567
25.6349
25.5713
25.7588
24.913
25.6708
25.3562
25.9302
25.5453
25.7755
26.175
27.0812
26.4812
26.45
26.3682
26.4234
26.8156
26.6776
26.4864
27.2557
26.9036
25.8
26.8187
26.3265
25.3828
26.0276
27.1995
25.5364
26.9255
26.4724
26.2458
26.8906
26.4687
25.9104
26.0395
26.2703
26.264
26.6245
26.9416
25.1635
26.0786
26.376
25.3973
26.1666
26.4567
25.8901
26.7198
25.9875
26.8245
26.1364
25.0161
26.1812
26.5547
25.95
26.4396
26.1994
25.6494
25.7875
26.2494
26.2724
25.9343
26.2109
26.7948
25.9109
26.6729
25.8724
26.7172
26.238
25.6505
26.2067
25.7598
25.8994
26.4849
26.1338
26.4458
27.0057
26.4718
26.5651
26.8739
26.1755
25.8474
avg: 25.8893
