args: 224 92 1 128
core=6
this process 2787 of running processor:  4
this process 2787 of running processor:  5
44.1324
41.6292
41.3162
41.4464
39.726
41.9922
41.6797
39.5994
39.6271
40.3656
39.7031
39.6036
39.4677
39.2833
39.0442
40.2411
40.1203
40.2932
40.4911
39.3333
39.3963
39.7901
38.8093
39.1182
39.0885
39.2171
39.2281
39.2958
39.1979
38.9885
38.7088
39.1307
38.8541
39.2317
39.1505
39.302
39.9979
39.6682
39.3682
39.8192
39.4
39.8468
39.5692
40.1937
40.4344
40.9245
40.4849
40.1541
40.5599
39.839
40.0953
40.6807
40.0078
39.3479
39.7906
41.8417
40.5666
40.6781
41.326
40.7698
39.7583
38.8676
40.3177
40.4119
39.4619
40.064
40.2901
39.5312
41.0687
40.5375
39.1958
39.3864
40.839
40.338
39.4666
40.6036
40.7989
39.8458
40.7005
40.3213
40.2687
40.4354
40.6322
39.9552
39.377
39.6635
40.364
39.7327
40.2984
40.6682
39.1187
39.776
39.9156
40.3953
40.763
39.4713
39.3463
39.7463
39.5327
40.6119
39.7671
39.6817
39.8749
39.5739
39.4879
39.4754
40.0619
39.9015
40.1838
39.8687
39.8562
39.6504
39.6629
39.6458
40.0796
39.8864
40.1906
40.0036
39.8098
39.7567
39.5145
39.9494
39.6218
39.8062
39.8874
39.8588
40.0395
39.701
39.6551
39.7692
40.1817
39.3817
39.2254
39.6207
39.8025
39.2728
39.9327
39.6786
40.0109
39.4718
39.5135
39.5853
40.0869
39.7833
39.6369
39.7645
39.9598
39.7181
39.5723
41.2187
39.8749
39.9968
39.7645
40.0364
39.6546
39.7239
39.4697
39.6822
40.2395
39.5848
39.5843
40.114
39.9619
39.3265
39.9494
39.9713
39.664
40.0322
39.7801
39.5338
42.563
40.6176
40.3312
39.8239
39.6962
40.8989
40.5588
40.5431
40.4385
41.8692
39.4233
40.2301
40.5213
39.9994
41.3416
41.6255
40.5426
40.3635
40.6666
40.3598
40.0744
40.1494
40.6978
41.0155
41.4609
39.5353
40.564
40.3332
41.4343
40.1968
40.8077
40.9358
40.2827
39.8228
40.2452
40.0166
39.6124
39.9942
40.239
41.0973
40.8608
40.441
40.5843
41.5598
40.0864
40.1395
39.3551
39.8405
40.3207
39.8806
39.7103
40.3978
40.1374
39.654
39.7207
39.5645
39.8343
39.7436
39.7655
39.6348
39.5702
39.9874
39.4952
39.2962
39.6994
39.7655
40.3551
39.9332
39.9415
40.1744
40.3343
39.2342
39.6478
39.8744
39.7837
40.0124
40.5942
39.6926
39.6072
39.453
39.6848
40.5113
39.8207
39.8671
39.865
39.9671
39.9603
39.9129
39.2759
39.5691
40.078
39.4342
39.8118
40.4613
39.5967
39.64
40.0645
39.4827
39.5764
39.979
40.0176
39.9118
40.6697
39.9754
39.6676
39.8202
40.0327
39.479
39.7061
39.7821
39.7019
39.5051
39.4165
39.6379
39.8014
39.5514
40.4915
39.9186
39.5853
39.6123
40.0249
39.6592
39.7358
39.9306
39.5967
39.4498
42.5166
40.2301
40.3561
40.2306
avg: 39.9916
