args: 224 128 1 64
core=5
this process 2808 of running processor:  4
57.6914
56.7393
56.707
56.6794
56.6846
56.7622
56.6138
56.6502
56.7669
56.7289
56.7143
56.7299
56.681
56.7252
56.7169
56.706
56.5997
56.8127
56.7101
56.606
56.6357
56.6544
56.6586
56.7737
56.6575
56.6784
56.7633
56.6742
56.6799
56.6799
56.7258
56.7992
56.7461
56.7039
56.6929
56.6883
56.6945
56.7362
56.7257
56.7148
56.7039
56.6992
56.7122
56.7174
56.7409
56.6648
56.557
56.6185
56.633
56.5664
56.5539
56.7659
56.5976
56.6336
56.6164
56.5893
56.6377
56.6726
56.5622
56.5737
56.6554
56.6455
56.695
56.6377
56.6362
56.7216
56.682
56.6669
56.5851
57.5414
56.5919
56.6877
56.7179
56.5731
56.6617
56.5731
56.6492
56.6356
56.6476
56.6304
56.6179
56.6184
56.5236
56.507
56.6065
56.5236
56.545
56.595
56.5601
56.6356
56.5955
56.5429
56.6539
56.6471
56.6726
56.6137
56.6424
56.7757
56.7356
56.6179
56.644
56.7596
56.6091
56.6908
56.6648
56.6825
56.5809
56.6247
56.607
56.6538
56.5481
56.5768
56.645
56.6137
56.5768
56.6367
56.6106
56.6424
56.6101
56.5663
56.6377
56.6341
56.5466
56.5606
56.6903
56.6127
56.6919
56.6908
56.6658
56.6715
56.6575
56.6205
56.6533
56.5934
56.6007
56.7028
56.6361
56.6356
56.6611
56.709
56.6637
56.7033
56.6799
56.795
56.7403
56.6643
56.6934
56.745
56.6533
56.6757
56.6366
56.7861
56.7054
56.6523
56.595
56.7153
56.67
56.6955
56.6163
56.6861
56.7314
56.6377
56.7455
56.7231
56.6986
56.6528
56.732
56.7668
56.6695
56.6168
56.6674
56.7507
56.5491
56.5538
56.7695
56.608
56.6908
56.4861
56.5262
56.5288
56.5528
56.559
56.6632
56.5741
56.6752
56.5601
56.6111
56.6017
56.746
56.7085
56.6736
56.6476
56.6788
56.5575
56.5898
56.6528
56.9064
56.7658
56.6361
56.6809
56.7085
56.5538
56.7262
56.7059
56.6267
56.7491
56.6783
56.7778
56.7085
56.6757
56.6773
56.6871
56.6658
56.6085
56.7007
56.6382
56.6481
56.6996
56.6246
56.6674
56.6147
56.7507
56.57
56.5319
56.7002
56.647
56.6101
56.6595
56.5851
56.5772
56.646
56.6851
56.6257
56.5231
56.5319
56.6127
56.5611
56.621
56.6939
56.6335
56.6741
56.6043
56.6043
56.6121
56.6283
56.5673
56.6668
56.6481
56.647
56.6371
56.5981
56.6429
56.6725
56.685
56.6725
56.6491
56.6684
56.7168
56.6814
56.6382
56.6048
56.7116
56.6606
56.758
56.7106
56.6491
56.6356
56.647
56.6142
56.6824
56.6757
56.7132
56.6673
56.6689
56.7267
56.7074
56.6929
56.5585
56.609
56.7298
56.6767
56.6585
56.796
56.6491
56.6923
56.7418
56.4616
56.7189
56.7074
56.6538
56.7095
56.6178
56.6106
56.6569
56.6856
56.7814
56.584
56.6751
56.6236
56.6871
avg: 56.6598
