args: 224 128 1 64
core=7
this process 2808 of running processor:  4
this process 2808 of running processor:  5
this process 2808 of running processor:  6
21.1375
20.4828
20.6006
20.6131
20.4537
20.6256
20.6167
20.7698
20.4177
20.5073
20.6854
20.6834
20.4381
20.5193
20.6625
20.6328
20.6558
20.2511
20.5448
20.7412
20.3183
20.6162
21.0339
20.4667
20.686
20.6506
20.4578
20.6386
20.5
20.349
20.4198
20.6756
20.4834
20.6063
20.6672
20.311
20.6651
20.4667
20.7417
20.6719
20.6667
20.6516
20.7058
20.3938
20.5922
20.2933
20.1709
20.6235
20.4813
20.7453
20.7933
20.6417
20.7745
20.6594
20.6703
20.7214
20.2683
20.6084
20.4328
20.1813
20.6125
20.7349
20.4901
20.4823
20.6219
20.6683
20.4771
20.787
20.6469
20.4839
20.0177
20.6089
20.3287
20.5073
21.3131
20.5021
20.6167
20.8943
20.4052
20.4438
20.7594
20.661
21.337
20.6459
20.7818
20.5584
20.6771
20.8683
20.7235
20.5615
20.6505
20.5037
20.7964
20.7198
20.6927
20.8131
20.711
20.5167
20.5183
20.4198
20.8068
20.6651
20.6985
20.674
20.6578
20.6823
20.7651
20.7224
20.6516
20.4912
20.3308
20.6282
20.2995
20.6537
20.6344
20.6683
20.6193
20.713
20.7099
20.5693
20.7261
20.6974
20.6448
20.7599
20.6032
20.4604
20.6703
20.6068
20.0104
20.7219
20.4511
21.1011
20.6646
20.6375
20.4724
20.6849
20.7938
21.2823
20.5094
20.7209
20.7099
20.6167
20.5761
20.5047
20.5125
20.6422
20.8037
20.662
20.5276
20.7198
21.1547
20.4521
20.475
21.5604
21.0469
20.9323
21.4782
21.2719
21.763
21.9818
21.5037
21.3995
21.2287
21.1688
21.1651
21.3813
20.5276
21.713
21.9339
21.8782
21.4183
21.5604
21.3318
21.55
21.2157
22.2433
21.3589
20.9266
20.5828
20.8802
20.7297
21.438
21.2516
20.9625
21.4099
21.1761
20.9948
20.9526
21.2469
21.4938
21.4063
20.986
21.387
21.5183
20.7823
21.1297
22.0214
21.4558
22.2281
21.6344
20.2505
21.3641
21.411
21.711
21.8438
22.0448
20.7334
21.1589
21.925
21.1547
22.0282
22.2125
21.4532
21.3188
21.0042
21.4005
21.3406
20.4922
21.1219
21.3834
21.6344
22.1526
21.5886
21.6032
21.4531
21.3224
21.3875
21.4297
21.3276
21.4854
20.6906
21.938
21.1662
20.6287
22.1709
21.1552
21.1349
21.3323
21.212
20.7292
21.3396
21.3156
20.524
20.5198
20.6089
20.6344
20.4313
20.6729
20.7005
20.4511
20.2422
20.6422
20.5823
20.4938
20.6495
20.7078
20.6443
20.4771
20.512
20.7037
20.4328
20.3604
20.7229
20.7063
20.7552
20.4922
20.6526
20.7052
20.687
20.6495
20.5823
20.5776
20.6787
20.7099
20.7354
20.5068
20.512
20.5953
20.3089
20.6344
20.4589
20.662
20.4964
20.575
20.4891
20.6339
21.187
20.6922
20.4406
20.6459
20.6005
20.7151
20.6844
21.0099
20.7042
20.6693
20.6599
20.6823
20.5646
20.6682
avg: 20.834
