args: 224 128 1 64
core=6
this process 2808 of running processor:  4
this process 2808 of running processor:  5
33.2235
32.4027
30.2438
32.5569
31.661
32.2261
32.3881
29.9709
31.7313
31.5381
30.7537
30.0355
30.5761
30.8626
29.9334
29.8443
29.3053
29.3907
29.3678
29.598
29.3761
29.3459
29.537
29.2792
29.3355
29.3917
29.5865
29.4501
29.5188
29.3386
29.6777
29.3964
29.5574
29.5808
29.4402
29.3162
29.2225
29.3897
30.5574
29.31
29.5433
29.2459
29.636
29.2751
29.5761
29.2563
31.0214
31.1032
29.4287
31.2621
29.4803
29.6485
29.7058
29.4016
29.6199
29.2214
29.6615
29.6027
29.7928
31.3761
30.1251
29.2902
29.4433
29.5886
29.3589
29.7402
29.2574
29.662
29.2839
29.5829
32.2537
31.0568
30.3516
30.6016
30.5662
29.5881
30.073
30.936
30.8667
29.7058
30.1396
30.985
30.5626
30.7141
30.687
30.3407
30.0584
30.9277
30.5782
30.0506
30.8777
30.6074
30.1532
29.4032
32.3714
30.2912
30.6058
30.1167
30.7438
30.2917
30.0501
30.8673
30.9443
30.9537
30.7162
29.9699
30.0574
30.9574
30.624
30.0824
30.6803
30.3256
29.4449
30.7719
30.5844
29.724
29.2594
30.9631
30.2574
31.2391
30.6277
29.6261
31.435
30.7199
30.2886
30.2532
30.4178
29.1771
29.2641
29.4214
29.0839
29.2896
29.3282
29.1433
29.4178
29.0938
29.1553
29.0761
29.5449
29.1407
29.2574
29.4844
28.9938
29.3042
29.3225
29.0063
29.1865
29.3928
29.2834
29.6438
29.3672
29.6277
29.3803
29.3324
29.9834
29.3089
29.3042
29.5245
29.6527
29.7881
29.4032
29.5157
29.3579
29.2256
29.6928
29.423
29.3589
30.0027
29.5438
29.5245
29.5183
29.3042
29.4058
29.1428
29.4339
29.3938
29.2584
29.4277
29.623
29.349
29.2938
29.3527
29.5256
29.4006
29.2808
29.2709
29.1428
29.4881
29.1053
29.2365
29.3131
29.3454
29.2714
29.3964
29.1959
29.3626
29.4443
29.5115
29.5344
29.5006
29.6521
29.2834
29.56
29.26
29.2016
29.4803
29.2157
29.4433
29.3027
29.5365
29.2506
29.2287
29.4688
29.211
29.3323
29.1287
29.386
29.7266
29.5261
29.137
29.4297
29.7073
29.4787
29.461
29.0756
29.4464
29.1131
29.5178
29.2808
29.3214
29.3402
29.5188
29.5058
30.8438
29.4881
29.5454
29.4839
29.1079
29.473
32.1297
30.9084
30.1084
30.9954
30.7829
30.1428
31.5381
30.262
30.3912
29.7615
30.7188
30.0631
30.4297
30.4974
29.7474
31.0105
30.0053
30.6876
29.9266
30.7568
29.5396
30.861
30.5917
29.8912
29.9396
30.8558
30.5928
29.4079
30.8198
30.6391
29.5256
30.7891
30.712
30.048
31.1631
30.7318
29.2875
31.1313
30.762
30.1178
31.0803
30.625
29.9938
30.7667
30.5485
29.9266
30.8876
30.5594
30.1813
29.4308
29.2125
29.8683
30.6375
29.9881
30.8985
30.4266
30.3188
30.7646
31.1501
29.7558
29.1506
avg: 29.9351
