args: 224 128 1 64
core=8
this process 2808 of running processor:  4
this process 2808 of running processor:  5
this process 2808 of running processor:  6
this process 2808 of running processor:  7
17.5688
17.3396
17.4287
17.7297
17.6089
18.1271
17.9464
17.9089
17.0729
17.9287
17.5943
17.0313
17.6453
17.35
17.5026
17.224
17.6349
16.6943
17.0651
17.0469
17.0391
17.2761
17.0943
17.1099
16.9969
17.5245
17.0891
17.062
16.9255
16.7245
17.4995
17.1943
17.0682
17.0568
17.1573
17.1589
17.3417
16.8287
16.9818
16.8948
17.1448
16.913
17.1047
17.2198
17.2646
17.0677
17.0485
16.9839
17.2891
17.4412
16.9104
16.8938
17.0594
16.8677
16.5271
17.3604
17.1307
16.9386
17.0964
17.1469
17.1255
16.9146
17.2344
16.9552
16.8537
16.937
17.2094
17.3578
17.1031
16.925
16.9943
17.1432
16.6089
16.9214
17.0021
17.1985
17.2656
16.9115
17.5422
16.837
17.0792
17.0396
17.0641
17.3089
17.4125
17.0422
16.6313
17.2136
17.2886
17.1073
17.2037
17.2578
17.049
18.2677
17.7094
17.224
17.2818
18.111
17.0516
17.1755
16.924
17.1932
17.6464
17.1813
16.9901
17.0646
17.2162
17.099
17.8766
16.8281
17.1261
18.6839
17.9068
18.1667
17.4505
18.0427
18.2339
16.8479
18.0458
17.9094
17.0714
17.8714
17.9896
16.7646
18.0948
16.8026
17.6313
17.7792
17.888
16.6391
18.0177
18.2188
17.8255
18.8568
18.2557
17.7276
18.1781
18.2464
18.111
18.4021
18.4031
17.986
18.8182
18.6063
18.8485
17.8917
16.737
17.7865
18.2068
17.3464
18.5458
18.1464
18.1011
18.8865
18.0229
19.4026
18.6375
16.8979
17.8568
17.9563
17.4807
17.8932
17.5761
17.8193
17.9865
17.8458
17.7906
17.6479
18.1651
17.0787
18.1339
17.887
18.1073
18.1037
17.5901
17.7339
17.9339
16.9896
18.3682
18.4531
17.2677
18.6396
17.9875
18.6026
17.9063
17.2188
17.5167
18.1552
17.4719
17.0141
17.2922
18.0313
17.3865
17.8438
17.9271
17.4333
18.3844
18.0391
17.9073
18.1141
17.5167
18.5115
18.1547
16.9443
18.3672
17.9516
17.625
16.8583
17.2578
17.1417
17.1479
17.0823
17.0703
17.0474
17.0761
16.7938
16.8057
18.0167
16.9901
17.2141
16.7667
16.6224
17.0859
17.1886
17.0734
17.4479
17.6828
16.888
17.3224
17.2813
17.1427
17.1198
17.0682
17.0255
17.3521
17.1547
17.3323
16.8141
17.1531
17.2083
17.0287
17.4927
17.1823
17.2047
16.9875
16.8901
17.05
17.1583
17.0917
17.4547
17.2016
17.1906
16.5776
16.9328
16.6563
17.1526
17.1589
17.0391
17.3292
17.1349
17.1443
17.2099
17.2766
17.1771
16.8203
17.0656
17.0984
17.0906
17.2906
17.1214
17.0021
17.1328
17.0448
16.9641
17.0589
17.1781
17.3182
16.9724
17.1557
17.2245
17.213
17.1729
17.1839
16.9625
17.1828
16.8714
16.6261
17.2714
16.9396
17.2531
17.137
17.4162
16.7016
16.7047
16.924
16.8375
17.2599
16.9609
17.6719
17.0948
avg: 17.3928
