args: 28 64 3 32
core=5
this process 2414 of running processor:  4
1.95258
1.263
1.23957
1.2354
1.24634
1.23227
1.2328
1.24269
1.23019
1.23488
1.23384
1.24477
1.23436
1.23644
1.26196
1.23592
1.2354
1.25467
1.28227
1.2979
1.28956
1.27967
1.28852
1.30102
1.28488
1.29269
1.29269
1.28332
1.28279
1.29269
1.28852
1.28957
1.28123
1.29061
1.29009
1.29061
1.29373
1.28384
1.28123
1.29269
1.29217
1.28748
1.29582
1.28904
1.28748
1.29269
1.28436
1.29373
1.29582
1.288
1.29477
1.30988
1.29373
1.28227
1.28904
1.28748
1.29373
1.29009
1.28384
1.28384
1.30102
1.28852
1.2854
1.29634
1.29009
1.28748
1.29321
1.288
1.2854
1.29477
1.288
1.28175
1.27863
1.29061
1.29113
1.28852
1.29529
1.28748
1.28071
1.29269
1.28748
1.28488
1.29113
1.28696
1.27811
1.29165
1.28592
1.28123
1.29894
1.29009
1.30207
1.28488
1.28384
1.28227
1.28748
1.30519
1.30519
1.30988
1.29529
1.28592
1.29894
1.29738
1.29373
1.29842
1.28956
1.30467
1.30363
1.30571
1.29477
1.31092
1.28592
1.29582
1.30363
1.2979
1.28123
1.27863
1.29842
1.29217
1.29113
1.30311
1.28592
1.29165
1.29009
1.29373
1.2604
1.29113
1.28852
1.29113
1.30363
1.30259
1.30154
1.3104
1.30467
1.28696
1.30102
1.29113
1.29425
1.31196
1.30519
1.30259
1.3104
1.2979
1.30623
1.30259
1.29477
1.29477
1.31144
1.30519
1.30519
1.31352
1.30207
1.30467
1.30884
1.30519
1.30415
1.31196
1.30363
1.3005
1.30988
1.2854
1.27342
1.29269
1.26352
1.27759
1.33227
1.33123
1.32498
1.36092
1.32602
1.32707
1.33384
1.32967
1.33175
1.33331
1.3354
1.32654
1.3505
1.32863
1.32498
1.33644
1.29373
1.29373
1.30155
1.29946
1.29113
1.28957
1.30623
1.30467
1.31196
1.30831
1.30415
1.30623
1.313
1.29946
1.31456
1.35519
1.31977
1.34581
1.34633
1.34529
1.34529
1.33436
1.34686
1.36196
1.35831
1.33071
1.36144
1.32446
1.33331
1.33592
1.33957
1.33227
1.34686
1.32811
1.34061
1.36144
1.3604
1.37759
1.37654
1.3854
1.38019
1.36873
1.3255
1.36977
1.35831
1.39009
1.35206
1.33384
1.34894
1.32811
1.33488
1.35831
1.33071
1.33488
1.338
1.35727
1.34113
1.33071
1.33592
1.35102
1.34946
1.33019
1.33748
1.33644
1.33279
1.3255
1.32446
1.34477
1.32081
1.34165
1.34321
1.32967
1.31144
1.31509
1.33123
1.31509
1.31665
1.32134
1.313
1.34425
1.32186
1.29217
1.28696
1.30467
1.28331
1.30363
1.313
1.30467
1.29269
1.3005
1.28956
1.28436
1.30102
1.30154
1.28957
1.29998
1.30467
1.31248
1.31352
1.30311
1.30779
1.30415
1.28592
1.30936
1.35936
1.34529
1.33227
1.33175
1.34529
1.33331
1.33279
1.3505
1.33748
1.34581
1.32602
1.3255
1.32811
1.32446
1.28904
1.30467
avg: 1.3061
