args: 28 64 3 32
core=8
this process 2414 of running processor:  4
this process 2414 of running processor:  5
this process 2414 of running processor:  6
this process 2414 of running processor:  7
1.54946
1.13228
1.14113
1.14582
1.16613
0.937488
1.14634
0.94478
1.1354
0.709888
1.2078
1.10572
0.85624
0.88124
0.88176
0.890614
0.893219
0.857281
0.86926
0.876552
0.866657
0.851031
0.86301
0.896864
0.888531
0.876552
0.879156
0.890093
1.13957
1.1453
1.15103
1.19999
1.14478
1.14165
1.13697
1.1453
1.13853
1.16144
1.11249
1.12759
1.10988
1.16405
1.15311
1.17238
0.942697
1.17655
1.16822
1.16457
1.12082
1.16822
1.13176
1.15728
1.1479
0.933843
1.14478
0.939051
1.1229
1.16145
1.14165
0.895301
1.12342
1.15572
1.09947
1.1604
1.14946
1.16197
1.18749
1.14009
1.16874
1.15936
1.16874
1.11978
1.17186
0.954676
1.10624
1.16405
1.13436
1.15467
1.10467
1.13905
1.17238
1.11561
0.941135
1.16769
1.13644
1.13228
1.15676
1.14374
1.11926
1.11978
1.1604
1.11822
1.14165
1.1604
1.12134
1.17655
0.935406
0.780199
1.13749
1.16144
1.12447
0.937488
0.944781
1.1203
0.92603
1.11092
1.12394
1.16978
0.945822
0.942697
0.943217
1.13124
1.17082
1.1604
1.17134
1.10884
1.16249
1.11769
0.945822
0.949989
1.1453
0.942176
1.13124
0.956759
1.19165
0.922905
0.937489
1.17551
1.15676
0.999467
0.94478
1.18019
1.18436
1.12342
1.15519
0.93853
0.948426
1.17446
1.15467
1.18228
1.16665
1.12394
1.15988
0.946864
1.17707
0.994259
1.11822
1.0052
1.17551
1.15676
1.15311
1.14686
0.93228
1.19894
0.729158
1.1453
1.13124
1.1578
1.14947
1.15884
1.14478
1.16613
1.11769
1.14426
1.19373
1.17498
1.18176
1.16717
1.10884
1.15572
0.921343
1.16092
1.1604
1.12134
1.16301
1.16769
1.14061
1.16822
0.873947
1.13176
1.1479
0.903114
1.17863
1.17655
0.943218
0.939572
1.11613
0.943738
1.09895
1.19009
1.19634
0.938009
0.946343
0.891135
0.956759
1.15207
1.12186
1.15884
0.98905
1.11665
1.20363
1.16145
1.12447
1.17238
1.19374
1.17342
1.17134
1.15051
1.19634
1.17707
1.11926
1.19478
0.940613
1.1479
1.00676
1.0979
1.15728
1.16145
1.16144
1.17499
1.1979
1.12238
0.932802
1.16926
1.12603
1.13957
0.93853
1.11457
1.17759
1.16613
1.12238
1.15415
1.1953
1.17759
1.17499
1.16769
1.18696
1.16874
1.11926
1.17238
1.11769
1.15311
1.24478
1.12707
1.16249
1.14478
1.15728
1.17603
1.1354
1.1828
1.14999
1.12551
1.15363
1.17603
1.16613
1.23644
1.01145
1.15676
1.18332
1.17967
1.15884
1.15988
1.16769
1.00207
1.12082
1.13228
1.12863
1.15207
0.931239
1.11561
1.19217
1.1979
1.11926
1.16457
1.13384
1.15363
1.18696
1.16822
1.15519
1.15363
1.11717
1.15988
0.936968
1.24113
1.11353
1.1104
0.952072
1.13019
1.11249
0.932801
1.14217
1.11769
1.16092
1.12811
1.12811
1.16197
1.1328
1.16353
1.01613
1.15363
avg: 1.09827
