args: 28 64 3 32
core=6
this process 2414 of running processor:  4
this process 2414 of running processor:  5
1.73175
0.99009
1.22082
0.8828
1.19998
1.01353
1.20779
1.22082
0.848425
1.21665
1.19582
1.20832
1.02394
1.20884
0.955195
0.999465
0.767177
0.711448
0.716136
0.702594
0.697907
0.700511
0.722385
0.714052
0.709886
0.703636
0.701552
0.70624
0.73124
0.709365
0.704157
0.703115
0.69947
0.701032
0.697386
0.704157
0.69999
0.695303
0.695824
0.714052
0.704157
0.703116
0.708324
0.702595
0.706761
0.701553
0.704678
0.701032
0.701552
0.695824
0.70572
0.704157
0.708323
0.698427
0.698427
0.713532
0.704678
0.696345
0.69999
0.700511
0.697387
0.707282
0.699469
0.702074
0.701032
0.701553
0.696345
0.709365
0.700511
0.704157
0.697906
0.696865
0.705199
0.710928
0.696865
0.701032
0.708323
0.695824
0.714573
0.704678
0.703636
0.704157
0.693741
0.708845
0.693741
0.703636
0.703115
0.697907
0.701553
0.708844
0.703115
0.702595
0.69999
0.705198
0.69947
0.709886
0.697386
0.698948
0.69999
0.697907
0.71197
0.702595
0.696865
0.698949
0.705719
0.701032
0.709365
0.702594
0.697906
0.703115
0.696865
0.710406
0.695303
0.696866
0.691136
0.697907
0.696865
0.710406
0.707282
0.703636
0.703636
0.696344
0.69374
0.71249
0.696866
0.695823
0.695823
0.704157
0.708324
0.69999
0.702074
0.697907
0.695823
0.701553
0.709886
0.702073
0.697907
0.704678
0.70572
0.696865
0.703636
0.69999
0.700511
0.706761
0.703636
0.710407
0.697386
0.701553
0.69999
0.697907
0.697386
0.714053
0.707281
0.697386
0.704157
0.704157
0.710407
0.705719
0.705198
0.703115
0.694782
0.697386
0.710406
0.696865
0.703115
0.697907
0.704678
0.697386
0.705198
0.690094
0.701031
0.696344
0.702594
0.706761
0.697386
0.697387
0.701032
0.702594
0.697906
0.709365
0.702073
0.696865
0.696865
0.699469
0.70624
0.702594
0.703115
0.69999
0.696345
0.697907
0.717178
0.69947
0.705719
0.697386
0.704156
0.697907
0.715094
0.700511
0.70624
0.702073
0.697386
0.709886
0.701031
0.696345
0.695303
0.696344
0.702594
0.705198
0.699469
0.699469
0.69999
0.695824
0.698428
0.715615
0.708323
0.695303
0.697907
0.697386
0.706761
0.698948
0.698948
0.695303
0.698428
0.696865
0.709365
0.69947
0.696865
0.702595
0.703636
0.711969
0.699469
0.698949
0.696866
0.703636
0.702594
0.705719
0.695303
0.690094
0.692698
0.69322
0.690094
0.703116
0.69947
0.697906
0.704156
0.709886
0.708844
0.698427
0.697386
0.696344
0.705719
0.705198
0.707803
0.697907
0.69947
0.696865
0.698949
0.696345
0.704157
0.700511
0.696865
0.704678
0.69999
0.706241
0.700511
0.703636
0.698948
0.697386
0.702594
0.714053
0.69947
0.700511
0.702594
0.698428
0.708844
0.692699
0.694261
0.690095
0.691657
0.696344
0.704678
0.698428
0.703636
0.698428
0.702594
0.697907
0.713011
0.699469
0.695303
0.69322
0.704677
0.709886
0.688532
0.705199
0.698428
0.700511
0.694261
0.71822
0.710928
0.707282
avg: 0.721755
