args: 28 64 3 32
core=7
this process 2414 of running processor:  4
this process 2414 of running processor:  5
this process 2414 of running processor:  6
1.86716
2.06403
0.992173
2.06247
1.47498
1.39321
2.0656
1.2328
2.0807
2.07081
1.40779
1.57446
2.05987
0.988528
2.04164
1.93747
1.84789
1.64321
1.73748
2.04737
2.03851
2.04164
1.44842
1.95362
1.55623
1.85883
1.91976
1.91404
1.28644
1.37133
1.93278
1.90883
2.11976
1.93122
1.84477
1.48279
1.87654
1.93851
1.03436
2.06872
1.37238
2.05153
1.62029
1.46352
2.04633
1.25259
1.84424
2.04112
1.19425
2.0557
1.82445
1.38696
1.27029
2.0531
1.58696
2.03018
1.45675
2.05414
1.63539
1.46821
2.03435
1.2604
1.25519
2.04216
1.2505
2.06195
2.04685
1.60779
1.82706
1.45988
1.2755
2.03278
1.37654
2.03122
1.63487
1.45831
2.04789
1.25154
2.03435
1.84112
1.19217
2.06716
2.0432
1.40206
2.0281
1.45102
2.03539
1.22759
0.754677
0.779156
1.01405
0.764052
0.99009
1.00624
0.99634
0.773948
0.767177
0.783323
0.993215
0.997382
0.778635
0.998424
0.626554
0.969257
0.777593
0.785927
1.01926
0.764052
0.766656
0.991653
0.777593
0.76978
1.0078
0.767697
0.778114
0.778114
1.00363
0.770302
0.972903
0.761448
0.985403
0.974986
0.776552
0.780718
0.773947
0.782801
0.776551
0.779677
0.76926
0.770301
0.544784
0.540618
0.527597
0.536972
0.533847
0.534888
0.536971
0.535409
0.54895
0.537492
0.534368
0.505201
0.533326
0.537493
0.539055
0.538534
0.536971
0.538014
0.540097
0.535409
0.535409
0.52968
0.531763
0.544263
0.534888
0.535409
0.533847
0.534368
0.534889
0.533326
0.539055
0.537492
0.536451
0.531243
0.534888
0.534367
0.516659
0.544784
0.527078
0.521869
0.52864
0.531765
0.526036
0.527078
0.532286
0.534368
0.53541
0.537494
0.537494
0.530202
0.535931
0.537494
0.538015
0.529681
0.527077
0.534368
0.536452
0.535931
0.534889
0.545306
0.534368
0.530723
0.523432
0.539577
0.532806
0.527077
0.528639
0.544785
0.537493
0.536973
0.538535
0.533848
0.536972
0.533848
0.54166
0.535931
0.534368
0.53541
0.533327
0.534368
0.533327
0.540618
0.538014
0.530202
0.535411
0.53541
0.52864
0.534369
0.542701
0.546869
0.535931
0.53489
0.53489
0.53489
0.538015
0.53489
0.54218
0.530723
0.524994
0.530202
0.530202
0.538014
0.536451
0.544264
0.539577
0.528119
0.517182
0.533326
0.539577
0.530202
0.538015
0.54739
0.534368
0.539577
0.533847
0.538535
0.538014
0.537493
0.543223
0.528119
0.53541
0.526556
0.525514
0.531244
0.529681
0.538535
0.529161
0.527077
0.53489
0.532806
0.530723
0.531765
0.532286
0.539577
0.529681
0.536452
0.535411
0.53541
0.535931
0.537493
0.544785
0.534368
0.537493
0.526035
0.526035
0.532285
0.533848
0.543744
0.535931
0.529161
0.535931
0.533848
0.533327
0.533327
0.538015
0.544264
0.530201
0.510932
0.532285
0.528118
0.532806
0.533327
0.543744
0.526556
0.52916
0.53541
0.536972
0.535931
0.537494
0.540097
avg: 0.922213
