122.081 15.0394 192.458 98.4071 184.388 193.252 100.038 133.891 99.1087 152.378 167.548 264.245 38.4113 
121.174 14.7665 160.235 62.2691 114.639 138.269 38.7301 42.4591 45.248 60.5609 25.2968 35.5109 3.79358 
120.955 14.7717 160.968 62.278 114.546 138.101 38.5681 42.4622 45.0511 60.4713 25.4145 35.2729 3.75869 
120.902 14.679 160.623 62.0999 114.989 138.842 39.0045 42.6007 45.1313 61.0864 25.6754 35.8958 3.80764 
121.609 14.7551 160.888 62.6551 114.63 138.594 39.0467 42.4315 45.4178 60.5015 25.3833 35.3865 3.80869 
121.442 14.8077 160.362 62.0066 115.04 137.929 38.6113 42.3804 45.1569 60.5093 25.2468 34.9995 3.67119 
120.897 14.7176 160.203 62.029 114.672 139.38 39.0243 43.0767 45.4673 60.8192 25.3958 35.1568 3.76233 
121.159 14.7921 160.156 62.0494 114.379 138.812 39.1566 42.6872 45.248 60.639 25.2442 35.3026 3.75504 
121.204 14.804 160.466 61.8728 114.394 138.203 38.5618 42.4971 45.0761 60.764 25.3619 35.2651 3.71286 
121.294 14.7697 160.291 62.7254 114.915 141.51 39.1696 42.5179 45.3136 60.6338 25.4109 35.5943 3.73681 
121.108 14.7264 160.171 62.3155 114.097 138.043 38.7457 42.2445 45.1053 60.5796 25.3182 35.1281 3.7566 
121.585 14.7634 160.878 62.7566 114.655 138.016 38.5733 42.4101 44.9985 60.4854 25.1515 35.1115 3.74827 
121.193 14.8926 160.161 62.1421 114.202 138.23 38.6447 42.4742 45.2282 60.7015 25.3541 35.2646 3.75348 
121.433 14.8952 160.028 62.6493 115.283 137.906 38.9926 42.3533 45.16 60.7843 25.5728 35.737 3.83264 
121.089 14.7655 159.981 62.0863 114.227 137.929 38.5795 42.4716 45.1178 60.5744 25.4374 35.0318 3.76286 
121.088 14.7035 160.065 62.2379 114.373 138.049 39.4998 42.6778 45.3298 60.2968 25.2937 35.2203 3.75035 
121.197 14.866 160.033 61.9389 114.2 138.933 39.0551 42.757 45.473 60.7671 25.376 35.1755 3.76858 
121.39 14.8697 160.216 62.0723 114.037 137.998 38.642 42.8606 45.8475 61.3921 25.7213 35.6417 3.79567 
121.108 14.9223 159.987 62.0691 114.799 138.354 38.9827 42.319 45.4876 61.1025 25.4786 35.3755 3.77588 
121.173 14.8629 159.971 62.4285 114.653 138.023 38.7103 42.4544 45.2631 60.8046 25.5827 34.938 3.74619 
120.918 14.7764 160.588 62.4874 115.057 138.057 38.9071 42.8637 45.5699 61.0484 25.415 35.2042 3.78525 
121.227 14.8009 160.221 62.2999 114.438 138.017 38.9504 42.3815 45.2975 60.527 25.3838 35.3182 3.73786 
120.955 14.8655 160.108 62.029 114.338 138.074 38.5051 42.6153 45.11 60.4213 25.177 35.075 3.78421 
121.051 14.7738 160.14 63.0925 115.008 138.235 38.741 42.5757 45.9225 61.227 25.5447 35.2557 3.80348 
120.992 14.8165 160.501 62.1223 114.152 138.386 39.1202 42.9465 45.6954 61.3489 25.6098 35.5437 3.83212 
121.186 14.716 160.281 62.9649 114.825 138.209 38.6441 42.2768 45.2605 60.5057 25.4067 35.1792 3.73838 
121.309 14.7983 160.155 62.5941 114.63 138.649 39.1087 42.7695 45.3938 60.6197 25.4322 35.1182 3.77379 
121.064 14.8395 160.068 61.9988 114.705 138.185 38.64 42.145 45.3834 60.7005 25.2551 35.1844 3.76546 
120.891 14.8249 160.014 62.2879 114.113 142.247 38.8134 42.7262 45.1767 60.7645 25.2343 35.0386 3.75869 
121.421 14.7895 160.29 62.2525 114.929 138.777 38.8415 42.5429 45.3282 60.6275 25.2629 35.1406 3.77223 
121.259 14.7941 160.172 62.2327 114.541 137.971 38.7551 42.5872 45.2543 60.6723 25.2333 35.2568 3.74931 
120.995 14.7806 160.111 61.9421 114.249 138.158 39.0696 42.3742 45.535 60.7442 25.3343 35.3865 3.73629 
120.968 14.8436 160.005 62.3717 114.334 145.951 40.0722 44.798 45.1522 60.7822 25.3885 35.3995 3.80817 
121.046 14.8473 160.156 62.1822 114.827 138.254 38.9311 42.4242 45.7256 60.8088 25.6348 35.663 3.77796 
121.345 14.903 160.535 62.066 115.012 138.72 38.8202 42.2039 45.3839 60.7994 25.5411 35.5786 3.83056 
120.994 14.8264 160.285 62.2269 114.349 138.798 39.0165 42.771 45.7855 61.4082 25.5286 35.549 3.83837 
121.137 14.7066 160.429 62.1603 114.264 137.965 38.7259 42.9002 45.2834 60.6359 25.2702 35.3203 3.7566 
121.492 14.7988 161.017 62.2691 114.425 138.516 38.9748 42.4993 45.5049 60.8066 25.5487 35.3407 3.75755 
121.15 14.8697 161.481 62.3028 114.983 138.575 39.0905 42.5273 45.1748 60.6697 25.2797 35.1571 3.71583 
121.495 14.8753 160.166 62.2473 114.43 138.077 38.8073 42.4851 45.3478 60.7675 25.512 38.4433 3.16965 
121.207 14.7778 160.272 62.2199 114.89 138.302 38.8535 42.7277 45.6931 61.2047 25.6079 35.1184 3.79399 
121.194 14.8549 160.494 62.3218 114.828 138.584 39.1311 42.3012 45.313 60.8021 25.4905 35.4179 3.7627 
121.038 14.8246 160.462 62.0479 114.295 138.259 38.9428 42.7268 46.1237 60.6679 25.2064 35.462 3.72777 
121.221 14.859 160.063 62.5307 115.429 138.357 39.1297 42.588 45.8275 61.1528 25.2307 35.3118 3.72671 
120.944 14.8229 160.305 62.336 114.424 138.711 38.8179 42.8547 45.6871 61.3896 25.5287 35.3914 3.77829 
121.468 14.8906 160.501 62.2057 114.326 138.672 38.9115 42.0509 45.3137 60.6327 25.2138 35.054 3.83351 
121.115 14.8598 160.129 62.0111 114.559 138.369 38.804 42.7203 45.7654 61.2692 25.5144 35.057 3.7423 
121.129 14.743 160.479 62.4439 114.595 138.13 38.8137 42.9067 45.5343 60.9823 25.5393 35.2361 3.76834 
121.3 14.8816 160.249 61.8229 114.583 138.338 38.6808 42.6467 45.1266 60.5329 25.6565 35.4178 3.85744 
121.252 14.8315 160.129 62.4491 114.513 141.593 38.824 42.8654 45.7478 60.9669 25.3614 35.2874 3.63125 
63.489 8.93116 105.01 63.1383 118.996 115.148 71.2174 133.141 67.7409 103.925 139.415 214.243 22.9636 
60.5318 7.95817 78.6619 35.0058 66.9667 76.3252 21.6691 24.108 25.3915 34.874 15.2988 21.2168 1.72129 
60.8277 7.97117 78.2416 34.5044 64.7845 75.0564 21.6534 24.0203 25.2231 34.7592 14.7427 19.1525 1.4701 
61.3023 7.82369 78.1863 34.1959 64.9862 74.8532 21.6883 23.8838 25.5274 34.5904 15.3951 21.0077 1.71451 
60.4486 8.01595 77.9942 34.1509 64.421 74.5814 21.7507 23.8978 25.2741 34.6554 15.2669 20.8987 1.79163 
60.4485 7.75382 77.8744 34.1676 64.2553 74.8935 21.436 23.8899 25.3027 34.6397 15.2737 21.0055 1.81195 
60.4057 7.81789 78.1924 35.1633 66.4484 75.6765 22.4297 24.6637 26.027 34.8809 15.2309 21.1618 1.84842 
60.2116 7.75119 78.2602 34.2357 64.6964 74.814 21.5109 23.7627 25.2364 34.7636 15.2131 20.2467 1.4581 
60.2444 7.81735 78.239 34.099 66.6826 76.5912 22.7209 25.4859 27.6335 36.0605 16.4466 22.4254 1.93596 
60.4954 8.03412 78.5668 34.912 66.8202 76.3677 23.3056 23.9778 25.2155 34.7827 15.2324 21.1533 1.76035 
60.6246 8.06795 77.9787 34.1098 64.8746 75.002 21.5926 24.0674 25.5708 34.7753 15.3115 21.0767 1.72647 
60.2882 7.86733 78.0506 34.1317 64.4926 74.8186 21.6191 23.9986 25.354 34.6977 15.2948 21.1527 1.76555 
59.8714 7.81418 77.9904 33.8684 64.4408 74.8058 21.6925 24.0464 25.2267 34.6418 15.3568 20.8999 1.81661 
60.3057 7.86 78.0456 34.1498 64.582 76.3916 22.4997 24.677 25.6082 34.6834 15.4256 20.864 1.77701 
60.3709 7.72191 77.8202 34.1174 64.1956 74.6684 21.7717 23.7498 25.0396 34.6672 15.2978 21.1135 1.78899 
60.0006 7.81307 78.1792 33.9986 64.2998 74.8785 21.6471 23.841 25.469 34.5463 14.709 19.227 1.45078 
60.1247 7.73178 78.1796 33.9567 64.4106 74.789 21.7976 24.0207 25.1708 34.6743 16.8715 22.1749 1.96564 
61.1406 7.94436 78.183 35.3122 65.4695 75.5504 23.2854 25.9754 26.7367 35.6457 15.7183 21.2249 1.82285 
60.6106 8.22003 77.7441 34.4152 64.3535 75.2708 21.7006 23.7204 25.3234 34.5955 15.2128 20.9893 1.73217 
60.2633 7.75934 78.0175 33.8878 65.4369 74.6204 21.7168 24.0701 25.0883 34.533 15.4343 21.2728 1.691 
61.2743 8.23876 78.2999 35.0435 66.31 74.9177 21.8923 23.9882 25.3827 34.8127 15.3524 21.3295 1.76031 
60.2782 7.81611 77.9594 34.1519 66.3611 75.2095 22.1393 23.8121 25.2936 35.6001 15.7026 21.5723 1.82492 
60.5038 7.75826 77.989 34.2706 64.13 74.4849 21.7619 24.1908 25.3768 34.615 15.3935 20.899 1.75196 
60.379 8.06881 77.9904 34.0413 64.426 74.5724 21.6212 23.8245 25.2236 34.6442 15.6238 21.7843 1.71131 
60.1008 7.94739 78.2352 34.2183 65.9984 76.063 21.9239 23.8426 25.3194 34.6899 15.4424 21.5544 1.90985 
60.7566 8.01824 78.3189 35.6748 65.0469 74.7879 21.4487 25.1568 26.4304 35.9593 15.3064 21.1667 1.88848 
60.8989 7.7285 78.0338 34.3344 65.4911 76.5249 22.6231 24.2193 25.2594 34.8347 15.4007 21.1979 1.72537 
60.2452 7.79361 78.046 34.2661 64.809 74.5739 21.7128 24.1203 25.2573 34.6658 15.336 21.0098 1.74673 
60.3791 7.98329 78.1471 34.2937 64.9531 74.7883 21.5892 24.0634 25.5735 35.7558 15.8279 21.77 1.75715 
60.6498 7.86184 78.0405 34.1347 64.5993 74.8378 21.5605 23.9925 25.4224 34.772 15.3865 20.2734 1.51692 
60.7337 7.83944 78.2427 34.0263 64.8043 74.2967 21.8679 23.9778 25.082 34.7099 15.3766 21.1613 1.7634 
60.3067 7.89829 78.1325 34.231 64.3353 74.8793 21.8481 24.1514 25.4635 34.6702 15.2213 20.9945 1.75819 
60.0863 7.77896 78.0465 34.0173 64.7129 74.7086 21.7693 23.9314 25.3962 34.7353 15.4495 20.9356 1.71493 
60.6843 8.2302 78.7538 35.5992 65.3403 75.2953 23.3613 25.4139 27.3675 37.1151 16.5704 20.6193 1.67689 
60.9829 7.77424 78.1525 34.2944 64.8008 74.7469 21.8151 23.9615 25.3341 34.9097 15.267 19.6036 1.44812 
60.905 7.81329 78.1053 34.1687 65.0363 74.936 21.5551 23.9954 25.3893 34.7471 15.2462 20.9423 1.82018 
60.5027 7.76066 77.9115 34.1317 64.7125 74.9878 21.3414 24.0015 25.1448 34.7121 15.3394 21.0568 1.8306 
60.6667 8.03525 78.1045 34.0789 64.6754 74.5835 21.6071 23.9953 25.3522 34.6563 15.3842 21.2142 1.7441 
60.0195 7.9253 77.7246 34.1852 65.0458 74.6968 21.741 24.0166 24.9352 34.8313 14.8959 19.1277 1.49709 
61.0234 7.78353 77.9755 34.1513 64.2208 74.554 21.754 24.1656 25.386 34.6395 15.2403 21.0344 1.74461 
60.1735 7.84659 77.9922 33.9475 64.4063 74.6569 21.6757 23.8799 25.1472 34.7837 15.7723 21.0681 1.79359 
60.2139 7.76892 78.5078 35.1964 66.072 74.8654 22.0087 24.0206 25.3067 34.2303 15.2377 21.459 1.75086 
60.1086 8.47603 79.8246 34.3658 64.7828 76.2246 22.3671 24.5265 25.8438 34.7919 15.3997 21.4177 1.6852 
60.2705 8.17586 78.1928 34.0093 64.6549 74.4316 21.7731 23.847 25.1956 34.4699 15.3147 21.573 1.99941 
60.6274 8.26027 78.0338 34.1593 64.8206 74.7586 21.6438 24.0283 26.1903 35.5886 15.7566 21.1967 1.83109 
60.51 7.96427 78.144 34.1092 64.6771 74.7783 21.6245 23.9486 25.0934 34.6798 15.2558 21.2274 1.68675 
61.4104 8.04451 78.0325 34.0696 64.6031 74.9126 21.872 23.7781 25.172 34.6771 15.2417 20.9908 1.9228 
59.9465 7.77352 78.1083 33.997 64.7795 74.5279 21.6771 24.0068 25.3637 34.4999 15.4267 21.1206 1.80608 
60.0434 7.73861 77.941 34.1674 64.6039 74.3752 21.6254 23.8661 25.1213 34.5592 15.4214 21.0705 1.79721 
60.3449 7.74171 78.0351 35.6769 64.7173 74.5334 21.6551 23.8322 25.0744 34.4002 15.2151 21.1872 1.75396 
41.6136 5.42811 74.0472 51.7554 92.9244 91.7944 61.7287 141.823 87.5935 123.543 116.112 238.674 27.5807 
44.6018 5.83297 53.2735 27.2649 46.7501 53.4772 17.0507 18.4571 19.3367 26.9267 11.8926 15.0347 1.11771 
44.1416 5.76364 55.6303 26.168 48.4675 55.6527 17.9829 18.3472 19.2648 25.0941 12.1396 15.0894 1.17503 
41.4757 5.3077 52.8727 24.9169 45.3656 53.2192 17.2628 18.5525 19.5753 26.7448 12.0369 14.4917 1.0854 
41.6637 5.15188 52.9142 25.6875 50.3271 56.5128 18.284 19.6732 20.7164 26.5968 12.5298 15.4932 1.21776 
43.4359 5.51767 55.3555 26.1111 47.458 55.4774 17.888 19.0828 20.0552 27.4696 12.4219 14.9262 1.18805 
41.449 5.30664 53.0622 25.2039 47.1761 53.5765 17.3622 18.5226 19.8873 28.1031 12.7252 15.008 1.09373 
43.3633 5.79435 55.4251 27.5033 49.117 54.9254 17.4398 18.9077 19.8821 25.3836 12.4417 15.3112 1.1052 
41.2774 5.21127 53.3872 25.121 46.9201 53.358 17.1522 18.5331 19.4064 25.2075 12.0092 15.3508 1.09426 
41.045 5.316 52.924 25.1048 48.0075 54.2468 17.2678 18.6971 19.5152 25.2282 12.1556 15.2435 1.10884 
43.0781 5.37903 55.6631 25.9036 48.8386 55.9606 17.9655 19.0718 20.4313 27.5303 11.7106 14.4936 1.10519 
42.0136 5.14142 53.0452 25.0751 45.5662 53.1478 17.4533 19.2479 20.2692 27.8472 12.327 14.9298 1.16199 
43.7903 5.48792 55.506 26.3318 49.2276 53.2753 17.2157 18.4079 19.4464 26.6976 11.7913 14.4024 1.11561 
40.9614 5.26542 52.8574 25.0062 46.7557 53.4499 17.2631 18.6069 19.3823 26.819 11.9872 14.4998 1.24484 
41.2047 5.32013 55.6212 26.0014 48.9963 57.0161 18.0223 19.154 20.3176 27.7693 15.4653 18.0233 1.09581 
43.3123 5.64943 55.0708 25.6705 47.2146 55.4391 17.9701 19.1118 20.0091 27.9215 12.3629 15.0318 1.113 
43.7104 5.42277 55.4553 26.1561 48.794 53.9921 17.2364 18.3932 19.279 26.7022 11.9257 14.3247 1.0734 
41.2827 5.22111 52.6108 24.9936 48.6719 55.8688 17.8591 19.1388 20.2346 27.6796 12.2847 14.9213 1.22868 
43.1048 5.44359 55.4536 31.5371 52.1849 59.1349 23.3178 24.8862 25.9637 33.2477 18.7933 20.1127 1.29225 
44.9056 6.49458 56.2784 31.102 48.9611 56.6687 18.1608 19.787 19.5812 27.5139 12.4525 15.1974 1.26619 
43.4605 5.48734 56.2787 26.9896 46.7026 53.6531 18.0888 18.5286 19.4983 26.8604 12.1726 14.7284 1.11091 
41.567 5.43524 54.5478 26.6442 49.8999 56.5262 18.0445 19.2591 20.2715 27.9911 12.4952 15.0525 1.11247 
43.6106 6.11783 55.7071 25.9866 49.4517 55.8358 17.9908 19.2273 20.1438 26.0928 12.4399 15.6012 1.12289 
43.3827 5.82289 55.746 26.0991 47.6789 55.8299 17.9111 19.1116 20.2522 27.6466 12.5212 14.99 1.25524 
43.6615 5.8578 56.1472 25.961 47.4991 55.8122 17.8871 19.2012 19.2002 27.0839 12.232 15.065 1.13748 
43.8032 5.50348 54.0994 25.6352 46.423 54.2504 17.6906 18.8437 19.9405 25.4727 11.9318 15.1259 1.08277 
42.8522 5.48574 55.4483 26.1328 48.7829 55.4739 17.8891 18.9792 20.2568 27.5902 11.7901 14.4001 1.17083 
41.6334 5.28409 52.892 24.8766 45.3725 53.0905 17.2378 18.7061 19.6414 27.0619 11.999 14.5204 1.10882 
41.069 5.28043 52.7871 24.9489 45.6136 52.9747 17.8203 18.606 19.5294 25.6091 17.4545 21.7001 1.19792 
42.7035 6.0443 54.1575 31.6487 51.9925 61.2991 23.1174 24.3028 26.6314 31.9858 18.4867 21.3812 1.54234 
44.0447 6.05264 56.4616 26.6173 47.5744 56.1186 17.7108 19.1739 20.0707 27.8037 12.2605 14.8877 1.10829 
43.7356 5.90725 55.2041 25.6137 49.1067 54.805 17.1663 18.2793 19.3026 24.9832 12.0823 15.3879 1.1901 
41.8082 5.46174 53.0313 25.0885 48.1943 55.7658 17.79 19.1932 20.1103 27.8918 12.4148 14.8304 1.13226 
44.8507 5.52323 55.589 26.1331 48.9502 55.7125 17.8936 19.0702 20.1086 27.8901 12.2631 14.9142 1.11402 
41.7997 5.46381 53.2536 25.0524 47.0322 53.6116 17.2392 18.2261 19.4818 25.4536 12.5252 15.4764 1.11611 
43.3744 5.48204 55.1972 25.6444 49.0159 55.8657 18.0208 19.1921 20.1436 27.8474 12.2104 14.885 1.09474 
43.6749 5.40752 55.3679 26.5077 48.6718 55.705 17.7508 19.3525 20.1221 27.5665 12.2349 14.946 1.11141 
44.0037 5.42992 55.2564 26.1909 47.4692 55.7347 17.7289 19.2228 20.1492 27.7436 12.4152 14.7016 1.126 
43.3346 5.54091 55.5899 25.9965 47.2936 55.4965 17.8169 18.9705 20.072 27.1542 11.9379 14.4071 1.12079 
40.8444 5.47471 52.8635 25.2831 49.7773 57.2133 23.5068 24.4192 26.1606 32.5331 17.6992 21.1913 1.23698 
44.6757 6.10467 55.9768 31.2653 53.6686 55.7559 17.8232 19.1201 20.2732 27.7493 12.3099 14.9287 1.1854 
43.5679 5.47053 55.664 27.1718 48.9206 55.9751 17.9482 19.6103 21.2001 38.6871 12.4834 14.8208 1.10776 
40.1721 5.54452 52.9999 24.6088 45.5061 53.1635 17.1807 18.5594 20.4299 28.1149 12.4959 14.9209 1.0989 
43.7877 5.73731 55.7557 26.3413 49.1029 55.5947 18.0154 19.0215 20.1407 27.8648 12.1978 15.0219 1.13537 
43.4009 5.74875 55.9072 25.0959 46.7143 53.1461 17.017 18.3597 18.2014 25.7264 11.2656 15.6597 1.39225 
39.9161 5.28815 55.2694 26.745 47.2531 55.6514 18.0325 19.3711 19.0866 27.4213 12.1566 14.7697 1.09994 
43.9428 5.92279 56.1714 26.4277 47.651 55.8346 18.3102 19.6024 20.5523 28.2956 12.5854 15.2141 1.11557 
43.604 5.55803 55.5876 25.9384 48.7973 53.7442 17.6026 18.8589 19.6936 27.4458 12.3145 14.901 1.09629 
42.2712 5.48509 53.7165 25.4658 45.6158 53.7369 17.2879 18.5942 19.4372 25.0531 12.1055 15.0573 1.10775 
40.8565 5.19328 53.163 24.9478 45.4119 53.2787 17.1513 18.4456 19.4439 26.9449 12.0013 16.4505 1.21612 
35.0676 6.41097 62.8806 50.3442 90.234 84.9574 68.6527 152.149 90.0792 122.29 114.582 187.763 18.1798 
34.313 5.04737 41.2387 21.5515 36.53 42.7518 14.9363 14.3845 15.461 22.8687 10.9008 15.0082 1.09368 
31.9552 5.04737 40.948 19.4991 38.337 44.4353 15.276 14.5538 15.7923 23.1417 11.0774 13.8431 0.858161 
33.0358 4.34499 41.4783 19.2953 37.9466 43.6656 15.3026 14.6273 15.796 23.0864 11.0446 13.8827 0.851908 
32.5549 4.39918 40.1105 18.0625 36.606 42.0144 15.4406 14.7826 15.2197 20.4729 10.7762 14.5132 1.08534 
30.8964 3.85938 37.4944 19.7627 37.7799 43.7453 15.8377 15.362 15.8309 21.3826 11.1603 13.8707 0.856077 
32.1661 3.87969 39.1663 19.7074 37.7871 43.6019 15.8621 15.2405 17.7196 21.5524 11.0862 13.742 0.859721 
32.1312 3.4394 37.1285 16.7224 36.287 43.8588 15.2468 14.5402 15.6938 23.0103 11.1477 13.8431 0.857637 
32.4761 4.0386 40.7956 18.2574 36.4881 41.9632 14.7747 14.1156 14.9946 22.2465 10.7528 14.4855 1.15932 
30.3278 3.3154 35.6446 19.6788 37.8204 43.9473 15.2509 14.6189 15.6484 23.1129 11.1784 13.8795 0.85555 
32.1108 3.9818 41.4072 18.7867 38.1132 48.6856 20.4795 21.7405 22.6075 26.6836 16.6551 19.2311 1.3521 
35.2188 5.33182 45.3145 27.3031 45.2295 48.3813 20.17 19.7918 20.0507 26.7602 14.1744 17.3252 0.876392 
32.7428 5.23126 39.5106 19.4145 37.6379 43.4459 15.2456 14.4901 15.7135 22.9664 11.0778 13.7367 0.865968 
32.664 4.31473 39.5636 19.8891 38.0067 43.3662 15.1081 14.4636 15.7401 23.1889 11.0492 13.6325 0.865447 
32.9297 4.23554 38.718 18.9825 38.0135 43.5923 15.8349 15.266 15.6989 21.4585 11.0153 13.7143 0.859716 
31.6891 4.28034 36.6843 18.8804 36.5369 41.3617 15.3478 14.7876 15.231 20.5544 10.7037 14.5318 1.09053 
31.0862 3.84422 34.8085 15.4024 35.3608 40.6509 14.6698 13.9294 15.1403 22.3734 10.6292 14.3833 1.09626 
30.9429 3.29922 35.8167 18.8975 36.5107 41.5351 14.5906 13.9357 15.1779 22.3161 10.636 14.5641 1.09158 
30.9028 3.50607 38.0999 19.6963 38.0171 43.4296 15.2029 14.6167 15.8635 23.256 11.1169 13.8065 0.856588 
32.0913 3.87705 39.2081 19.5655 37.8721 43.3102 15.7629 15.9265 16.334 21.5485 11.0179 13.7205 0.860232 
31.1163 3.51492 37.6569 18.131 36.4747 41.7559 14.366 13.9195 15.0944 22.1253 10.8006 14.4963 1.07594 
33.0619 3.92601 39.6796 18.265 36.7003 41.919 14.7735 14.0685 15.1992 22.2624 10.7453 14.5979 1.09678 
30.7235 3.87495 39.8468 18.7401 38.1191 43.8468 15.1632 14.4942 15.7905 23.2272 11.195 13.7856 0.933175 
31.4742 3.54982 39.0235 19.6774 37.9752 44.3683 15.0293 15.654 17.8481 24.0724 14.3795 17.0014 1.34271 
31.0641 5.04102 40.5798 27.1871 45.6188 49.0722 21.1191 21.6647 21.6678 28.9279 16.2891 19.1434 1.39012 
37.1644 5.40418 43.3403 19.8718 39.2939 45.4156 15.7738 15.3497 16.6351 22.8114 12.3777 14.23 0.867001 
32.9512 4.60855 41.5332 19.161 42.0146 44.9559 15.0631 14.5051 15.8723 22.9938 11.1517 13.8699 0.920668 
32.7611 5.16866 41.8839 19.5758 37.8698 43.5168 15.3069 14.5874 15.6263 23.0902 11.1585 13.7761 0.859185 
33.551 4.92482 41.3743 19.1928 37.8234 43.7851 15.8426 15.2298 15.7686 21.2514 11.122 13.8387 0.854493 
31.4631 5.02901 39.9814 18.58 36.3915 41.5169 14.7291 13.9366 15.1766 22.2283 10.7526 14.6051 1.09886 
32.6562 4.42096 41.4424 19.2105 38.2938 43.6485 15.9462 15.2209 15.7399 21.489 11.2085 13.787 0.930565 
32.7453 3.51593 38.4918 18.9151 37.8786 43.5948 15.1652 14.5696 15.7602 23.1516 11.1173 13.847 0.876377 
32.5843 4.84821 41.8858 19.6069 39.54 43.9766 15.7727 15.9863 16.7069 21.4623 11.087 13.923 0.968076 
30.5642 3.83375 39.5874 18.2835 36.4321 41.633 14.5039 13.9683 14.9901 22.0771 10.6968 14.5013 1.17597 
31.0556 3.88689 39.5504 17.7255 36.5352 41.6862 14.5451 14.0355 15.2136 22.3116 10.6931 14.5347 1.19681 
30.7216 3.31428 35.8579 19.015 36.5014 41.9649 15.2516 14.6634 15.1234 20.6005 10.7671 14.5899 1.09677 
30.3667 3.83686 41.0103 18.8243 37.9294 43.5883 15.0385 14.7868 15.7096 26.8461 17.2758 19.8861 1.30205 
35.6739 4.4819 42.3988 27.6542 43.3117 48.1505 21.9505 21.4769 23.4714 27.7032 18.4731 20.2102 1.14314 
35.2185 5.42027 40.9837 19.9544 39.4836 45.2358 16.5052 16.55 17.4305 21.9874 11.0974 13.7578 0.86595 
32.5153 4.81274 41.2842 19.6647 37.8855 43.6116 15.0572 14.458 15.7387 22.883 10.6722 13.4238 0.853966 
31.0887 4.22815 34.9058 18.8763 36.3553 41.848 14.6081 14.0975 15.1802 22.127 11.0109 14.8504 1.11135 
33.1515 5.19622 41.7865 19.5766 37.8855 43.5778 15.6944 15.251 15.8679 21.3861 10.8426 13.3748 0.901901 
30.9074 3.2856 35.0943 19.0863 36.3552 41.9151 14.8112 14.0677 15.1702 22.3265 10.7248 14.9389 1.18742 
32.5642 4.53554 41.7775 19.3775 38.1017 43.7647 15.7262 15.1733 15.6907 21.4314 11.1416 13.7879 0.941496 
32.608 4.22344 41.4962 19.1384 38.0339 43.7757 15.932 15.9101 16.3545 21.5471 11.0291 13.8348 0.863342 
31.7373 3.49453 36.9502 17.2215 37.3831 43.5603 15.8022 15.3437 15.7027 21.5689 11.1077 13.8166 0.870634 
32.8303 4.93672 41.6716 19.2858 38.0463 43.2415 15.7704 15.9502 16.4029 21.5371 10.9863 13.5243 0.85813 
31.0969 3.88112 39.8142 18.1244 37.628 42.0885 14.5069 14.0041 15.0337 22.3171 10.7399 14.5564 1.19888 
30.9213 3.82798 39.3088 17.6112 36.4129 42.066 14.533 14.1396 15.1071 22.1701 10.767 14.4855 1.07487 
31.9914 3.98167 41.5902 19.1997 38.015 43.579 15.4911 14.5454 15.8292 23.5805 12.5171 19.8515 1.52504 
113.527 14.6132 113.09 25.4588 65.0436 67.5732 33.6592 99.501 48.7397 71.5682 44.4511 67.8294 22.1586 
39.7681 5.35716 57.6319 24.9351 58.0029 55.7265 14.8856 17.4386 18.2697 26.6597 10.5559 11.9132 0.904496 
43.3423 6.61074 58.193 24.7991 57.6819 60.6773 19.0439 20.0318 24.1004 32.3243 11.9689 15.3665 1.55369 
41.6589 4.70378 54.9975 24.9215 55.6883 63.2656 19.0569 20.1547 23.6268 32.7009 11.7485 15.3582 1.52503 
51.6629 6.81496 58.2387 25.1049 57.4906 63.1264 18.9735 19.5805 23.5022 32.5175 11.6151 15.6947 1.53232 
41.2326 4.99139 54.2753 24.7303 58.3138 63.8475 18.9761 19.7456 23.856 32.1652 11.8063 15.6895 1.54066 
41.0538 4.78557 43.6365 20.1718 56.0456 55.1177 16.9128 19.4466 21.3201 25.8447 9.36169 12.5852 1.26087 
52.2844 6.5784 58.3105 25.3513 59.5062 55.3303 17.1421 19.5935 21.0768 27.7735 11.1873 15.7134 1.4823 
41.2195 4.96532 54.8025 25.1189 57.519 55.6083 16.7231 16.5012 18.7817 27.9146 11.39 15.716 1.57921 
41.2157 4.96166 54.1333 24.8484 58.8949 55.3525 16.8008 19.583 24.02 32.5137 11.8511 15.5826 1.56358 
53.0981 7.07231 58.1238 25.5539 57.2532 56.0773 17.0498 19.6184 23.9903 32.5006 11.3514 13.8435 1.21762 
51.9179 6.75395 58.7322 25.0219 58.6494 55.8442 16.3297 18.6467 24.0262 32.2369 11.4004 14.18 1.165 
51.2426 6.83783 57.548 25.1787 49.1075 54.5802 15.7102 18.0131 24.3461 32.8804 11.9428 15.4112 1.57399 
53.3553 6.56274 59.2168 25.0318 49.8567 55.1544 15.1767 18.2174 23.6719 32.4114 11.2305 13.9064 1.22543 
51.9406 6.94984 57.8906 24.8139 59.25 63.5734 18.8405 20.0977 23.6208 32.2848 11.6473 15.6711 1.61098 
40.4876 4.76938 53.8642 25.1958 57.5124 56.0264 16.2677 18.8842 23.6818 32.4577 11.7234 15.5065 1.62036 
41.3515 4.88557 53.9976 24.9942 58.2401 55.597 16.226 16.3229 20.1664 31.8835 10.649 12.4371 0.921676 
41.045 4.88035 44.5629 19.9033 49.8304 54.3893 15.2756 17.7129 18.7524 26.813 10.5594 12.3736 0.896667 
42.9223 4.99341 43.882 24.6883 57.6571 54.1454 15.3481 16.7543 22.077 28.9439 9.36993 14.0351 1.21709 
40.0572 5.02779 53.5202 24.8633 57.635 63.0374 19.3452 19.9678 23.9677 32.0981 11.8197 15.6247 1.55471 
41.5352 4.9762 54.9482 24.8383 59.5128 56.1147 17.021 19.4536 21.0797 27.7664 10.7146 14.0908 1.21709 
38.7613 5.10958 53.4628 25.2525 59.2007 53.2507 16.3504 18.8482 23.8963 32.4211 11.1315 13.9288 1.26502 
46.7306 4.95847 43.5994 20.8098 48.3739 52.8963 16.3645 18.9013 23.8316 32.2877 11.6941 15.3308 1.57658 
47.1912 4.95743 43.6926 20.7379 49.3847 53.7013 15.5329 16.2071 19.5499 31.5452 11.529 14.2601 1.27283 
50.6987 5.41749 57.8292 24.745 57.4145 57.1874 15.0296 17.5326 18.8028 29.1417 9.45323 12.2839 0.900307 
50.5824 6.95654 58.372 24.648 58.1469 58.9576 16.5786 19.515 23.556 32.4105 12.1052 15.6741 1.54949 
45.0471 6.3381 58.2386 22.5577 57.1429 55.2011 17.0084 19.6056 23.2501 33.0691 11.9536 15.6746 1.55991 
41.0682 4.89021 54.6369 24.8361 58.5913 64.8647 19.3326 19.7853 23.57 33.2279 11.8764 15.4505 1.55313 
51.245 6.93568 57.8842 24.936 57.8831 62.6447 19.045 19.9396 23.9763 32.8085 11.7983 15.647 1.61513 
41.7615 4.97356 44.1545 23.5653 50.3796 53.0477 17.1048 19.4003 20.5992 25.8681 8.93584 11.9983 1.29054 
52.0629 6.68247 53.9453 23.4563 58.0575 54.8117 15.0342 17.5179 18.4051 26.1208 10.6155 12.1291 0.941983 
39.5935 5.58677 56.5466 23.0515 57.5845 54.1885 16.33 18.7553 23.6501 32.8069 11.6961 16.0043 1.53645 
53.9004 6.28597 58.5713 24.6322 57.3016 56.4226 17.3621 19.7634 23.8981 32.4411 11.5137 15.8272 1.52447 
41.2685 4.89174 54.3567 24.9682 58.8243 56.1041 17.0234 19.5175 21.2785 26.2609 9.39011 12.2181 1.23843 
39.6143 5.24811 57.8032 25.1323 49.9255 53.4402 16.9859 19.1361 20.8971 26.3327 9.24527 12.6626 1.22749 
53.0375 6.57042 58.0037 24.6853 58.2007 55.2049 16.6628 19.6372 20.9648 26.23 9.38853 12.8173 1.22489 
39.5079 5.43826 43.5264 21.2821 54.2888 53.5485 16.7535 19.322 24.294 32.021 11.3074 14.2532 1.2228 
39.115 5.20329 54.3378 24.8296 58.4157 64.1885 19.3226 20.2385 23.8569 32.2284 12.2405 15.7719 1.55416 
41.8816 4.94487 54.9646 24.6676 58.6569 54.942 16.4914 18.9818 23.6526 32.519 11.7153 15.5041 1.54426 
41.5762 5.03708 54.6253 25.0077 58.7225 63.6803 19.5992 19.9732 24.1689 32.5904 11.1563 13.8983 1.22332 
39.6651 5.00894 55.3021 24.7331 56.5316 55.9804 15.5947 18.2138 24.2048 32.2929 12.1003 15.7677 1.54165 
41.6475 5.02925 55.0539 24.9576 59.3897 54.449 16.5992 19.0177 23.7604 32.6669 11.7393 15.554 1.54582 
41.1806 4.84221 55.7807 25.0884 58.7338 55.5458 16.7268 19.7189 21.0069 25.9684 9.6245 14.0457 1.21915 
42.2164 5.47471 48.0266 22.0223 53.27 59.0094 18.8843 19.9794 23.6207 32.9222 11.8789 15.2253 1.52758 
46.8366 4.79583 43.6715 20.7015 48.8049 53.2496 16.8164 16.2912 18.6785 28.5754 11.3573 14.9856 1.22331 
41.7156 4.98964 44.7385 24.4147 59.2223 62.4708 18.7634 20.1769 23.7963 32.7695 11.9716 15.6077 1.59948 
41.068 5.01204 54.4281 25.2519 58.6253 56.2443 17.0446 19.1791 23.6946 32.6506 11.9106 15.8806 1.54581 
45.6496 6.8048 58.0583 24.9518 58.0453 54.3764 16.98 18.8363 23.8676 32.5751 11.9559 16.1484 1.54008 
53.6788 6.26452 57.7295 25.0419 56.3609 54.7932 15.4274 17.2587 22.2837 32.3932 11.7293 15.9676 1.54998 
53.9882 6.93974 59.2378 24.7251 57.6398 55.686 15.9921 18.2829 23.9462 32.0649 11.9038 15.5597 1.54945 
26.0156 3.88093 31.8878 19.8298 43.9839 40.2936 21.2281 60.7793 27.1931 49.5429 37.3526 59.989 17.7875 
27.167 2.97699 26.5512 12.9484 30.7213 33.8233 11.55 10.6841 11.3964 16.5631 7.26534 9.76458 0.966976 
21.4751 2.73889 30.2284 12.6509 32.7385 32.1571 9.97713 10.2256 11.3411 16.3135 6.47758 8.50114 0.809111 
26.1953 2.82173 26.5386 12.6707 30.1231 33.2309 10.1485 10.4643 12.1091 18.1183 7.36849 8.55063 0.808069 
26.7048 2.96865 23.433 12.8624 30.5712 32.5468 10.1574 10.7972 11.5563 18.1 6.75579 8.52458 0.897681 
20.6295 2.59666 22.7494 11.6219 30.69 32.8896 10.4903 10.52 11.4625 16.3489 7.29711 9.63796 0.809111 
21.5735 2.74879 22.7984 12.9432 31.398 34.1239 11.3672 10.4502 11.5459 16.387 7.35598 9.67182 0.809629 
21.6672 3.01397 26.4906 13.0072 32.1258 32.3795 10.1126 10.6544 11.6849 16.4198 6.53904 8.69597 0.816404 
26.996 3.48547 26.5938 12.8759 32.5004 32.5822 10.1537 10.4382 12.3643 17.2653 6.55988 7.3815 0.653331 
23.8935 3.20049 26.4281 12.8832 32.8963 29.8646 9.79215 10.546 12.6404 17.3091 6.48382 8.51623 0.9404 
24.316 3.30938 26.5688 12.8478 32.4149 29.5463 9.84477 10.5294 12.8103 18.0906 7.31116 8.65169 0.871108 
24.3176 3.0395 26.4594 13.0796 30.7394 33.7211 10.0662 10.5726 11.4432 16.4004 6.58904 8.58185 0.820048 
20.7242 2.57216 23.5209 12.4242 27.9687 34.6786 10.0375 10.4856 11.5484 16.5693 7.47161 9.59519 0.948735 
25.0433 3.05252 26.6099 13.1953 31.1222 30.6606 9.90362 10.5231 12.6055 17.4773 6.49891 8.44848 0.91487 
24.6676 3.01501 26.1431 12.8681 32.3112 34.7218 10.1902 10.4824 11.5364 16.2598 6.62395 8.43962 0.822133 
24.6905 3.06554 26.6755 12.964 30.0375 32.7399 10.0813 10.5523 11.5171 16.6276 6.5135 8.71575 0.813276 
26.8985 3.34897 26.5536 12.9879 30.7466 32.6769 10.1078 10.6293 11.4942 16.6046 7.31321 9.63841 0.820567 
24.468 3.13743 26.4671 12.9889 32.483 32.6732 10.0656 10.3725 11.4265 16.3613 7.49921 9.62904 0.864853 
24.529 2.91705 26.5228 12.8399 30.5626 32.4398 10.1141 11.7036 13.0791 18.2875 7.22204 8.63029 0.812753 
26.8141 3.89861 26.6713 13.0942 32.0845 32.5257 10.0667 10.5215 11.6161 16.3561 7.5362 9.51494 0.814316 
21.4483 2.54871 22.9009 13.177 31.205 32.433 9.01322 10.099 11.5645 16.4536 6.5411 8.47555 0.812231 
27.0391 2.85922 26.5431 13.0056 30.4022 33.873 11.2993 10.9487 11.353 14.6946 6.28475 8.49325 0.832028 
26.9854 3.79753 26.6686 12.9118 30.4745 32.795 10.15 11.2946 12.395 16.5077 6.41552 8.32601 0.804415 
27.1386 3.40574 26.5988 12.979 32.3777 30.7715 9.63006 10.5444 11.4035 15.1307 6.00133 7.78782 0.586119 
22.6935 2.8316 22.7503 12.457 30.8559 34.2861 12.074 11.6203 11.4822 16.1774 6.86983 9.20753 0.827339 
20.9403 3.16243 24.3596 13.4078 33.9855 33.0873 10.1125 10.882 11.7317 16.6838 7.28089 9.71602 0.816919 
24.5034 3.23694 26.5514 12.9295 30.4468 32.9216 11.4936 12.0334 13.1144 18.3629 7.20533 8.57711 0.811707 
20.9304 2.47889 22.7294 11.3181 30.2864 32.3584 10.1005 11.6103 13.0154 18.3687 7.26733 8.47395 0.821606 
26.43 3.82721 26.7895 12.9342 30.3468 32.6876 11.5405 12.11 12.9831 17.2819 6.45719 7.48042 0.656972 
20.6615 2.72219 26.4852 13.1051 32.6517 32.9257 10.0979 10.5626 11.6442 16.3988 6.56399 8.55731 0.80806 
26.9228 3.3901 25.8908 13.042 31.9306 32.6355 10.1062 10.5871 11.6004 16.4134 6.62182 8.54898 0.817438 
24.6492 2.91652 26.4971 12.8893 30.1821 32.8256 11.5144 10.896 11.0643 14.669 6.38997 8.58647 0.935701 
20.6704 2.75709 22.7449 11.6827 27.6543 32.3927 10.026 10.5985 11.4926 16.0398 7.39235 9.72379 0.820562 
21.7004 2.77063 26.5914 12.6992 30.6885 32.8131 11.4274 10.5423 11.4988 16.5378 6.57336 8.55052 0.824209 
27.0103 3.43334 24.0802 11.864 31.9285 33.9286 10.2693 10.5834 11.603 16.3555 6.63952 8.55 0.811185 
24.7867 3.22755 26.395 12.979 32.2244 30.0222 9.85977 10.4115 12.6299 17.3292 6.42018 8.60262 0.813789 
24.8263 3.14887 26.6226 12.9643 32.0284 32.3801 10.7048 12.0135 12.4897 16.4894 6.63013 8.64376 0.895062 
27.0764 3.33174 26.4392 13.0128 30.2909 32.3765 10.3203 10.5245 11.5446 16.6733 7.46111 9.64667 0.817956 
21.3914 2.56223 22.7465 12.8841 31.026 33.2804 10.0551 10.5303 11.5186 16.2554 6.42642 8.72243 0.911213 
26.3465 3.09312 25.9662 12.8398 31.3725 32.7537 8.88081 9.87173 11.5129 16.3638 6.63951 8.47287 0.89923 
20.8162 2.58568 23.4534 13.0159 32.2499 32.7 10.1942 10.45 11.4936 16.4951 6.44987 8.48746 0.819518 
20.7724 2.76906 22.7016 12.1411 32.5118 32.4066 11.3737 12.0109 12.3766 16.5216 6.69159 8.5583 0.816391 
24.4396 3.00715 26.5069 12.9357 30.2763 32.4436 10.1135 10.6746 11.5102 16.233 6.57697 8.60102 0.812744 
26.9847 3.42447 26.8815 13.1102 33.3918 32.6426 10.1353 10.8981 11.8989 16.941 7.34387 10.3203 0.815349 
21.7753 2.52628 22.8595 13.6192 31.3308 33.0255 12.2855 12.423 13.4165 19.2438 7.88987 8.8959 0.812744 
27.3082 4.09342 26.6669 13.0805 31.9382 32.5129 10.165 10.5 11.692 16.2455 6.63739 8.48951 0.855984 
27.2941 3.03372 26.3355 12.8611 32.0934 32.804 10.201 10.6396 12.3037 17.077 6.33678 8.3603 0.865362 
20.7421 2.70133 26.325 12.8794 32.6019 30.3294 10.0952 10.4573 11.4805 16.4096 7.52672 9.68205 0.807011 
24.91 2.95348 26.6204 13.3024 32.43 35.0756 10.1775 10.364 11.531 16.3455 6.66292 8.452 0.813784 
24.6183 3.16813 26.5329 12.9429 30.8113 32.9629 10.1004 10.4099 11.6081 16.2981 6.51132 8.53744 0.812742 
17.9798 2.9936 24.5672 18.0715 36.2931 30.1063 16.918 82.8141 23.3491 43.5301 32.2736 57.8197 16.7565 
17.488 2.31162 19.4526 9.72996 22.7656 23.5773 7.50951 7.95287 8.78541 12.7506 5.35784 6.4144 0.592884 
14.4485 1.86618 16.6377 8.16127 21.6616 21.0667 7.56161 8.05447 8.74894 12.5631 5.25729 5.91217 0.574649 
14.6371 1.88858 19.4568 10.2041 24.1993 25.1465 8.00862 8.74113 9.43508 13.5389 6.34615 8.26078 1.18889 
16.557 2.03237 17.9115 8.78229 23.6497 26.8939 8.0628 8.6635 9.25899 13.4248 5.76264 7.08126 0.582985 
15.1576 1.75885 18.5013 9.70652 22.6009 23.2834 7.45063 7.95442 8.59263 12.4636 5.33282 6.81086 0.808049 
14.4787 1.82293 17.042 9.43871 22.4285 23.4262 7.45792 7.92785 8.63431 12.7517 5.39169 6.74 0.862754 
19.6563 2.37049 20.592 10.0681 24.0904 24.9886 8.01538 8.66661 9.12977 13.4144 5.62092 7.27297 0.817949 
18.1892 2.38403 20.5613 10.191 24.0008 25.1287 8.07842 8.49625 9.2746 13.2471 5.65896 6.56391 0.636645 
14.4136 1.87816 16.6111 8.20345 22.404 23.4267 7.60328 8.05497 8.69162 12.4156 5.24529 6.81919 0.814301 
17.6291 2.33193 19.3708 9.60282 22.5379 23.5017 7.50846 7.81844 8.77602 12.5037 5.29947 7.17607 0.824721 
15.5916 1.99955 18.0261 8.80728 22.429 25.1022 8.18991 8.59159 9.27408 13.3404 5.7199 7.2443 0.820552 
18.4147 2.34131 20.6748 10.1108 23.9773 24.6989 8.03047 8.50248 9.16309 13.3669 5.74022 7.1922 0.813779 
18.1391 2.346 20.5612 10.2061 24.0289 24.8609 7.91637 8.48789 9.23968 13.2143 5.62768 7.3683 0.807527 
20.6987 2.3882 20.9379 11.8774 24.9375 26.0253 9.27406 9.60541 12.5729 17.8198 11.0652 14.0598 1.23578 
16.9424 2.92533 17.9516 15.0758 27.3976 27.309 13.3753 14.6381 14.7319 20.841 12.5516 12.8272 0.825762 
17.1076 2.69037 23.1583 19.4765 30.512 31.6212 10.2457 10.8459 10.8948 16.1406 8.07632 7.93304 0.823678 
19.9694 2.68047 22.1236 10.7536 25.9179 27.646 8.06275 8.58843 9.28186 13.2299 5.6829 7.26929 0.850767 
21.4359 2.32255 20.4929 10.2196 24.1554 25.1979 8.02316 8.54831 9.47931 13.3502 5.65059 7.30212 0.847642 
15.9833 2.03132 17.9687 9.10316 23.4031 23.3938 7.33233 7.92886 8.70669 12.5786 5.3057 6.74831 0.808568 
14.796 1.88127 16.5725 8.10183 21.8303 23.375 7.41413 8.04087 8.81401 12.5479 5.09418 5.95329 0.579855 
15.1362 1.85001 16.5944 8.41754 22.8811 25.1375 8.08932 8.43109 9.49338 13.4857 5.71676 6.97806 0.588713 
16.1729 1.93441 20.1293 10.1816 24.1424 25.001 8.08724 8.72649 9.26362 13.2236 5.72041 7.32921 0.808046 
20.3653 2.31473 20.7675 10.2097 24.0356 24.8941 7.89238 8.54412 9.36988 13.4127 5.73915 7.23542 0.84243 
18.6799 2.37673 20.5627 10.2649 24.009 24.99 8.07055 8.51808 9.2834 13.3887 5.65631 7.32502 0.820027 
15.493 1.94535 17.8916 8.8489 23.0134 25.0327 8.07524 8.43055 9.19952 13.295 5.79385 7.33701 0.823674 
18.2297 2.36995 20.595 10.0737 24.1705 26.667 8.02523 8.59831 9.32352 13.5518 5.53493 6.381 0.590795 
18.0979 2.40694 20.508 10.0847 24.1002 25.015 8.17683 8.60039 9.39124 13.259 5.62401 6.37423 0.584544 
15.5154 2.03027 17.8984 8.82181 22.4533 24.7769 8.02418 8.39929 9.35686 13.4961 5.54535 6.76861 0.873168 
20.2537 2.31108 19.3311 9.63298 22.743 22.9368 7.46673 7.96113 8.75667 12.4942 5.32444 6.93167 0.80596 
17.4623 2.25377 19.3967 9.59389 22.6419 23.3556 7.56466 7.96061 8.74885 13.0949 5.84125 7.39378 0.809606 
18.1276 2.2944 20.4949 10.0586 23.788 25.0092 8.13722 8.50451 9.24848 13.0553 5.69173 7.17132 0.820026 
18.3766 2.38401 20.5491 10.1404 23.9292 24.8915 8.13097 8.60402 9.31881 13.4309 5.52814 7.18591 0.810127 
20.7617 2.37307 20.5022 10.0503 24.0496 24.8102 8.10544 8.52483 9.21148 13.4403 5.52085 6.34244 0.58871 
18.299 2.30899 20.6309 10.0352 23.7656 23.2493 7.59592 8.09711 8.67175 12.4249 5.17127 5.9491 0.577769 
16.9627 2.29493 19.3003 9.45218 22.7383 23.1967 7.39795 7.93664 8.74208 12.4786 5.15199 5.79801 0.579332 
14.576 1.82083 16.599 8.3482 22.2709 24.7716 8.08146 8.5368 9.32817 13.3809 5.62139 6.39609 0.615279 
17.929 2.40954 20.598 10.1383 23.987 25.0123 7.96997 8.37946 9.31931 13.322 5.56981 7.30624 0.809604 
15.6211 2.01463 17.9009 8.78739 22.3876 23.4624 8.34716 9.07132 10.0237 12.9584 5.99128 12.9443 0.862744 
19.1237 3.34522 20.4417 16.3833 29.0374 31.6512 14.738 16.1228 15.1699 17.8035 11.0057 12.4853 0.858577 
20.0526 3.27906 22.856 15.4575 29.3026 30.8275 11.8935 13.1094 13.7727 17.7863 8.9093 10.5645 0.87108 
19.653 2.71014 22.1495 10.7718 25.7255 26.7831 8.54512 9.12392 10.0127 14.0993 6.07254 7.62611 0.595481 
18.8543 2.66846 21.9577 10.7311 25.3587 26.4048 8.6118 9.13174 10.0356 15.3548 6.73263 7.76364 0.82419 
16.1863 1.90418 16.5859 8.09395 21.0747 23.3894 7.50055 7.91629 8.68161 12.3899 5.30566 6.81963 0.848676 
17.8503 2.19645 19.257 9.51101 22.722 23.2487 7.48127 7.996 8.56022 12.3629 5.34578 6.90768 0.816896 
18.0889 2.39547 20.5376 10.2206 24.0224 25.1873 7.99861 8.54616 9.35003 13.3043 5.61773 7.19421 0.81846 
18.8642 2.3616 20.5542 10.094 24.2058 24.7955 8.02257 9.35003 10.5488 13.4033 5.45518 6.83682 0.809082 
16.4416 1.7557 16.6573 8.23253 21.7535 23.4748 7.48805 8.05227 8.7165 12.4759 5.30461 6.7597 0.816895 
20.1348 2.23761 19.4127 9.67198 22.5902 23.4263 7.53909 7.89961 8.704 12.354 5.1306 5.91467 0.581412 
17.0631 2.31992 19.332 9.5235 22.3088 23.3873 7.48803 7.92201 8.79673 12.4035 5.2546 5.88967 0.573077 
12.5478 1.55721 19.1752 11.4063 31.0029 25.4431 17.1845 82.5137 27.8297 30.4799 35.1697 59.5073 15.1928 
12.2456 1.52438 13.1922 6.81024 16.8849 19.0986 6.9931 6.69458 7.95952 11.3089 4.69715 5.8011 0.575682 
11.9382 1.48844 13.1901 6.7769 16.5135 19.2606 6.90454 6.84931 7.9392 11.4251 4.77008 5.97615 0.766881 
17.7695 1.7385 14.9359 6.7972 17.0032 19.221 6.92588 6.71749 8.04911 11.324 4.60753 5.07276 0.54286 
11.9804 1.49938 13.2287 6.7873 17.4871 19.2996 6.96652 6.6904 7.92772 11.3552 4.65129 5.93654 0.827834 
13.6074 1.42071 13.2031 7.80008 18.513 19.2955 6.91807 6.64508 7.96784 11.3469 4.6638 5.9876 0.763754 
17.8987 1.90626 15.497 7.18533 18.6823 20.4036 7.34787 7.08061 8.42161 12.0028 5.0191 6.14285 0.556925 
12.6348 1.55877 14.1722 7.21555 18.2499 20.3432 7.36923 7.1895 8.45964 12.0945 5.05453 6.02511 0.588705 
12.7223 1.55043 14.2357 7.34319 18.3004 20.3364 7.29109 7.1572 8.44349 12.0278 5.06286 6.01469 0.549111 
12.6634 1.51761 14.2467 7.27337 18.364 20.4927 7.33902 7.14417 8.38722 12.1112 4.87427 5.50101 0.591831 
14.9552 1.8776 16.5827 8.51382 19.7774 20.4848 7.43174 7.22439 8.43358 12.0856 4.95085 5.50308 0.588183 
12.654 1.58377 14.2482 7.31452 19.0292 20.5875 7.36505 7.20094 8.4664 12.0851 5.00503 6.38301 0.835126 
14.2294 1.57752 14.2763 7.26086 16.9562 18.391 7.31921 7.24575 8.53204 11.97 4.98314 5.99801 0.550673 
12.7749 1.52021 14.2967 7.25409 18.3004 21.681 9.13325 8.47421 10.3706 13.3313 6.53878 10.3919 0.822623 
15.3287 2.26833 15.6528 11.5902 23.283 23.8113 10.9994 10.5513 12.6681 16.1055 8.75502 10.3159 0.619963 
16.5634 2.59499 17.1719 12.2966 24.7282 25.4747 11.239 10.9838 13.2375 16.2649 8.94622 10.579 0.615795 
16.8359 2.64292 17.2485 11.5235 20.116 19.2418 7.86311 7.39631 9.12439 12.07 4.83831 5.45046 0.61319 
15.2209 1.75517 14.2612 7.75525 19.6189 20.516 7.32388 7.18947 8.45857 12.0538 5.03732 6.13345 0.54963 
12.927 1.56345 14.2388 7.27543 18.3571 20.3858 7.46507 7.30669 8.40022 11.9382 4.90343 6.03655 0.552756 
13.0661 1.79424 14.1966 7.2077 18.4373 20.4572 7.39421 7.09778 8.27518 12.0481 4.95709 6.10949 0.582451 
12.9233 1.59783 14.2398 7.2723 18.4441 20.3217 7.35514 7.21083 8.40126 11.3713 4.6742 5.83545 0.771566 
12.2445 1.42904 13.1411 6.77946 15.7335 18.9708 6.88366 6.75237 8.00375 11.2588 4.65909 5.96361 0.769481 
12.7592 1.4181 13.2297 6.83521 16.8442 19.137 7.00713 6.76018 8.03918 11.3093 4.56219 5.11077 0.579325 
14.1622 1.73277 13.7626 7.29887 19.5007 20.4598 7.27751 7.18999 8.35802 12.0981 5.06128 6.07719 0.594434 
12.9947 1.6739 14.1711 7.21291 18.8479 20.5624 7.31607 7.25772 8.41324 12.0324 4.8831 5.46815 0.55015 
14.642 1.83852 14.4003 7.39732 19.4923 20.54 7.26396 7.16653 8.41427 11.9882 4.99094 6.34912 0.846064 
12.9009 1.58376 14.2726 7.22332 16.8218 19.9679 7.42233 7.14778 8.46011 11.9501 4.92686 5.46086 0.60381 
12.8149 1.60044 14.1356 7.32647 19.3938 20.5358 7.31553 7.19206 8.42 12.072 5.05085 6.11625 0.590785 
12.6482 1.55303 14.2237 7.23322 18.3185 20.6228 7.38743 7.04827 8.54868 12.108 4.79193 5.47336 0.600684 
14.9265 1.77236 14.2591 7.79066 19.7236 20.5566 7.36867 7.27125 8.52524 12.022 5.20975 6.40643 0.778337 
12.6597 1.65305 14.2508 7.36607 17.1932 20.193 7.32595 7.28219 8.42104 12.1872 4.9253 5.51817 0.549629 
12.6566 1.57074 14.2877 7.30407 19.4016 17.698 6.45123 6.27514 7.21186 11.625 5.11493 6.21732 0.558485 
12.7019 1.52385 14.3055 7.32126 18.5055 20.7108 7.35772 7.22279 8.31423 12.135 5.05084 6.1277 0.549627 
12.6545 1.51655 14.2617 7.3176 18.3383 20.6014 7.2952 7.26082 8.46896 12.1111 4.95915 5.39156 0.552753 
15.0562 2.04847 16.6352 9.20874 19.5094 20.268 7.40304 7.17433 8.2986 11.9605 4.99927 6.25638 0.830433 
14.3143 1.54677 14.1616 7.2655 18.0064 20.3644 7.29312 7.31448 8.36684 11.9798 5.00864 6.0954 0.550148 
12.6763 1.54938 14.1684 7.24206 18.1935 20.3107 7.32437 7.14933 8.31787 12.0387 4.98728 6.12874 0.544939 
12.6175 1.60929 14.2314 7.33479 18.2372 20.4409 7.30614 7.17538 8.40435 12.0486 4.99406 6.23866 0.781982 
14.3643 1.57855 14.2835 7.26915 16.8702 18.4763 7.33792 7.21966 8.33715 12.8524 5.00187 5.96724 0.560047 
12.7352 1.56917 14.2325 7.25977 18.3044 20.4217 7.38793 7.20195 8.45541 11.9652 4.98362 6.061 0.596515 
12.6508 1.57542 14.2231 7.53327 18.4101 20.4617 7.27591 7.21287 8.41736 11.9615 4.95914 5.43792 0.55692 
12.6425 1.58063 15.6156 8.61689 19.6396 20.3404 7.35822 7.23319 8.48509 11.9704 5.02739 6.27668 0.828347 
14.4028 1.5077 14.3174 7.20089 18.0835 20.4498 7.28893 7.13681 8.40225 12.0762 4.87995 6.29596 0.765831 
12.6789 1.565 14.2309 7.23736 16.99 24.17 10.8722 11.5406 12.5815 15.302 9.64113 11.1379 0.874193 
13.1801 2.3673 15.0504 11.6938 23.0703 24.0106 10.8399 11.0972 11.7672 15.314 9.71927 11.0233 0.828868 
15.0311 2.33344 14.7618 11.6609 23.9569 25.1713 10.5758 11.8693 12.5633 14.2444 7.96151 9.22956 0.831994 
15.6834 1.76558 15.3948 7.83127 19.5412 21.9178 8.09174 7.69267 8.96853 12.7461 5.41238 6.40014 0.608495 
14.3262 1.67649 16.3064 8.54134 19.7297 20.4502 7.32278 7.23161 8.57833 12.072 5.03884 6.14956 0.56786 
12.7023 1.59313 14.2199 7.22119 18.4315 20.3966 7.35404 7.23526 8.42568 11.9636 4.92527 5.39883 0.617352 
15.5698 1.6619 14.272 7.95837 19.6083 20.4007 7.35925 7.28684 8.40953 11.9605 4.91381 5.47542 0.557961 
