153.281 14.4939 34.1285 17.6699 27.1693 20.9349 70.9732 22.4592 20.7745 11.1944 44.1648 16.343 43.1613 17.7047 86.667 12.7446 71.8738 84.9012 
112.119 12.1296 23.6958 16.5747 24.2332 19.4117 56.8832 19.9303 13.6127 9.66808 23.0183 14.2084 23.0907 15.6879 36.2571 9.63892 12.239 49.6678 
111.971 12.0718 23.7958 16.4986 23.8004 19.3356 56.482 19.5668 13.4049 9.42017 22.8339 14.087 22.9037 15.4831 35.7503 9.54879 11.9942 49.4452 
111.571 12.1759 23.7113 16.4866 24.1258 19.4303 57.1183 19.6246 13.5621 9.43892 23.1052 13.9839 22.7698 15.5467 35.98 9.81958 12.0707 49.4416 
111.728 12.0827 23.7862 16.5084 23.8607 19.4245 56.5901 19.386 13.4126 9.46387 22.9291 13.986 22.852 15.557 35.8876 9.61697 12.255 49.96 
112.292 12.204 23.9112 16.674 24.2872 19.3391 57.4888 19.7135 13.5595 9.64145 22.7671 14.0094 22.8869 15.5247 35.5465 9.39358 12.0733 49.3482 
111.81 12.1425 23.9069 16.4703 23.8783 19.3302 56.4086 19.5088 13.3475 9.55705 22.866 13.9974 22.8446 15.521 35.7948 9.61589 12.1842 49.6958 
112.118 12.0201 23.7643 16.5719 23.8491 19.2964 56.7419 19.877 13.5422 9.68983 22.9639 14.176 22.9467 15.5236 35.712 9.61693 12.1691 49.3198 
112.433 12.0659 23.7803 16.5093 23.835 19.3853 56.4485 19.4978 13.3766 9.5643 22.9815 13.9598 22.856 15.7194 36.1092 9.64241 12.0576 49.4269 
111.694 12.0102 23.9829 16.5322 23.9042 19.3176 56.4375 19.4608 13.3683 9.43932 22.8091 13.9843 22.592 15.5376 35.6504 9.65751 12.0175 49.442 
111.696 12.1179 23.7932 16.5822 23.8802 19.3222 56.5259 19.3576 13.362 9.49865 22.7617 14.0025 22.9273 15.497 35.8138 9.63196 12.1393 49.6225 
111.562 12.1653 23.9718 16.6379 23.914 19.2613 56.4993 19.3889 13.3771 9.45231 22.7773 13.9874 22.6846 15.5214 35.7956 9.50282 12.2111 49.6427 
111.815 12.02 23.8468 16.5274 23.9488 19.3919 56.4751 19.4768 13.3905 9.56892 22.7428 14.0211 22.7788 15.4724 35.9345 9.71212 12.0309 49.852 
111.81 12.146 23.9744 16.5514 23.5531 19.2795 56.4652 19.6356 13.4963 9.55642 22.697 14.031 22.6606 15.5781 35.7157 9.51577 12.1402 49.4561 
111.5 12.147 23.7504 16.5607 23.9956 19.4195 56.5817 19.408 13.4014 9.43714 22.987 14.0513 23.0937 15.6833 36.1609 10.0318 12.2168 52.8731 
111.716 12.1756 23.8352 16.5846 23.8675 19.3476 56.5775 19.3518 13.5592 9.45536 22.8589 13.9549 22.8796 15.5348 35.8046 9.46366 12.2948 49.4033 
111.765 12.1402 23.7586 16.5023 23.9518 19.4178 56.3258 19.5506 13.378 9.55062 22.6932 13.9565 22.8557 15.4999 35.9545 9.49543 12.1225 49.6324 
111.805 12.2313 23.8935 16.5742 23.7284 19.3043 56.9054 19.7121 13.3618 9.51362 22.7416 14.0054 22.7952 15.5368 35.8841 9.49487 12.1235 49.375 
111.718 12.1365 23.7882 16.6121 23.7872 19.2663 56.6084 19.4381 13.3998 9.41989 22.9936 13.895 22.8681 15.4957 35.8143 9.58236 12.1375 49.3323 
111.452 12.1558 23.9986 16.5845 23.6351 19.2704 56.5932 19.5375 13.3409 9.52453 22.881 13.9783 22.7956 15.5769 35.9137 9.47558 12.2271 49.3733 
111.681 12.1724 23.8616 16.5345 23.9188 19.3599 56.7207 19.7276 13.5091 9.63231 23.2674 14.0376 23.0149 15.6175 35.9527 9.40111 12.0927 49.4373 
111.728 12.1177 23.6408 16.5537 23.6142 19.2906 56.5112 19.5036 13.4882 9.45524 22.9424 13.9215 22.933 15.5274 35.8511 9.61979 12.2286 49.5137 
112.05 12.1396 23.8438 16.5469 23.8448 19.3151 56.7559 19.6275 13.446 9.47555 22.7711 13.9886 23.0721 15.5024 35.8896 9.52762 12.2692 49.9714 
111.923 12.2036 24.1333 16.6411 23.8802 19.3228 56.6959 19.4561 13.5074 9.43855 22.985 13.9589 22.7981 15.4903 35.6198 9.47344 12.3728 49.2725 
111.97 12.1119 23.8932 16.5109 23.8973 19.3254 56.6542 19.4265 13.6402 9.53905 23.2985 14.0782 23.0178 15.6846 36.1806 9.73275 12.178 49.4521 
111.759 12.1166 23.7879 16.5656 23.6744 19.3514 56.4483 19.7065 13.3928 9.58692 22.9339 13.9287 22.7496 15.5486 35.8378 9.57234 12.1265 49.4072 
112.158 12.1447 23.8285 16.6484 24.0853 19.4779 57.1065 19.5014 13.2122 9.44581 23.0318 14.0646 22.7137 15.6392 35.7347 9.46039 12.1504 49.4536 
111.886 12.7096 24.0977 16.6353 24.6085 19.1931 56.5804 19.3394 13.5147 9.43068 22.911 13.8958 22.7975 15.4845 35.9304 9.69052 12.2806 49.6351 
111.596 12.0988 23.8035 16.502 23.9191 19.291 56.469 19.7185 13.4928 9.50931 22.6704 13.9859 22.7636 15.484 35.7695 9.50879 12.1884 49.3722 
111.76 12.1233 23.8878 16.5624 23.8258 19.2836 56.4678 19.4502 13.4797 9.47648 22.6927 14.001 22.6334 15.4543 35.6851 9.72121 12.0488 49.6126 
111.705 12.0889 23.7805 16.5821 23.7841 19.319 56.7209 19.3471 13.3756 9.50356 22.7526 13.9187 22.8453 15.6334 35.8632 9.38327 12.2071 49.3163 
111.736 12.1019 23.8252 16.5733 23.9169 19.3559 56.376 19.5231 13.5516 9.48583 22.5495 13.9301 22.7333 15.5381 35.848 9.53269 12.0186 49.7109 
111.926 12.1748 23.7331 16.4931 23.5961 19.3195 56.4172 19.6147 13.4849 9.56862 22.7562 13.9858 22.8249 15.5011 35.7797 9.43688 12.0264 49.2171 
111.823 12.0316 23.8429 16.4873 23.897 19.2788 56.7799 19.5626 13.3552 9.58942 22.8072 14.0535 22.8145 15.5375 35.8453 9.51757 12.2211 49.2723 
111.753 12.1602 23.5419 16.4935 23.7981 19.435 56.631 19.5277 13.6203 9.50871 22.9108 13.9358 22.7546 15.5375 36.2264 9.5014 12.1284 49.6252 
112.223 12.1872 23.9407 16.4992 23.911 19.3116 56.3992 19.6599 13.4557 9.55035 22.7014 14.0467 22.9342 15.4495 35.7462 9.79248 12.1128 49.6278 
111.728 12.1003 23.9771 16.4794 23.8855 19.2559 56.6387 19.524 13.4697 10.2825 23.0878 14.1175 22.9117 15.6832 36.1684 9.6529 12.0539 49.3148 
112.213 12.1679 23.9776 16.5153 23.8657 19.4089 56.3917 19.524 13.4411 9.54616 22.9466 13.9534 22.6857 15.4755 36.0732 9.50763 12.2861 50.0875 
112.114 12.1117 23.8818 16.5028 23.9057 19.3501 56.6844 19.5037 13.4848 9.55189 23.0444 14.1096 22.8705 15.6223 36.0673 9.68204 12.033 49.5651 
111.906 12.0768 24.052 16.5543 24.3446 19.3276 56.5978 19.5364 13.4041 9.49146 22.7758 13.9758 22.9132 15.5837 35.6638 9.85856 12.3387 50.0926 
112.187 12.1002 23.7687 16.3919 23.9999 19.2526 56.2682 19.6822 13.2796 9.41646 22.7955 13.8971 22.7741 15.4004 35.8007 9.56954 12.234 49.1245 
111.783 12.2272 23.4531 16.573 23.7744 19.2109 56.4894 19.5421 13.428 9.46332 23.097 14.0955 22.7346 15.5405 35.9209 9.81792 12.0533 49.3599 
111.991 12.1236 32.8842 16.4575 23.8713 19.3057 56.6559 19.7077 13.5128 9.6143 23.036 14.0408 22.7902 15.5524 35.8724 9.59868 12.1668 49.4472 
111.853 12.2418 23.7478 16.4725 24.0326 19.326 56.9282 19.678 13.4618 9.61378 22.6715 13.9992 22.8418 15.5019 35.8251 9.74552 12.0642 49.4644 
111.862 12.1189 24.0738 16.4381 23.9196 19.339 56.3048 19.4853 13.3519 9.53462 22.6871 13.984 22.6147 15.5212 35.8729 9.60699 11.9835 49.4497 
112.086 12.0569 23.803 16.4678 23.8467 19.2739 56.6396 19.5045 13.2332 9.5065 22.8761 13.9309 23.025 15.6378 36.0588 9.42475 12.222 49.5627 
111.932 12.0975 23.6181 16.4485 23.867 19.215 56.3036 19.405 13.4638 9.4466 22.7745 13.9413 22.7558 15.5591 36.0613 9.85847 12.0954 49.4106 
111.92 12.1105 23.7998 16.4469 24.0914 19.3144 56.5911 19.7055 13.4987 9.42317 23.0172 14.0668 22.7303 15.5149 35.7619 9.71372 12.224 49.9813 
112.068 12.0985 23.9221 16.5391 23.971 19.3248 56.3113 19.4904 13.3565 9.47574 22.8828 13.9944 22.6875 15.5622 35.7691 9.66475 11.9965 49.3339 
111.847 12.0517 23.843 16.4776 23.8372 19.2733 56.5243 19.5159 13.3914 9.62153 23.4056 14.0105 23.0088 15.6497 36.1602 9.54864 12.1823 49.8624 
62.1113 5.8105 13.7028 8.35986 14.4135 10.0787 38.7277 14.7853 13.8231 5.7751 28.7901 8.28227 29.0005 9.42104 83.6272 9.61579 67.1048 46.0581 
60.9949 5.55015 12.6431 8.14897 13.3903 9.73347 30.3288 14.2584 7.53767 5.23669 12.7186 7.51736 12.8191 8.33486 20.7578 7.99068 6.57073 25.456 
60.2415 5.57046 12.8572 8.20989 13.0446 9.73555 30.1538 14.3495 7.65481 5.18982 12.7801 7.46788 12.79 8.29996 20.551 7.99171 6.54937 25.7351 
60.244 5.58451 12.6041 8.14948 13.118 9.74855 29.8934 14.2734 7.52828 5.28146 12.7457 7.51631 12.7228 8.26091 20.4906 8.11043 6.55301 25.5606 
60.1924 5.66105 12.7754 8.15573 13.2247 9.64545 30.1371 14.1995 7.69543 5.25126 13.156 7.54599 12.7374 8.30413 20.6603 8.00889 6.65299 25.3925 
60.9058 5.69854 13.1763 8.37078 13.8465 9.93236 30.5526 14.6254 8.80504 5.25386 13.5934 7.66679 13.2466 8.36817 21.3149 8.56656 7.10234 25.6262 
60.6615 5.89848 13.3721 8.19268 13.7376 9.77769 30.5525 14.4697 7.60898 5.22001 12.7233 7.53556 12.8665 8.27599 20.5452 8.07396 6.58216 25.7408 
60.4636 5.91254 12.6249 8.18175 13.0919 9.73083 30.0813 14.4697 7.61783 5.25542 12.8316 7.74384 12.9727 8.41242 21.2227 8.36295 6.55821 26.0219 
60.7203 5.56992 12.7452 8.08333 13.081 9.72666 30.123 14.3416 7.57461 5.34498 12.6858 7.48297 12.779 8.32025 20.6634 8.1 6.69932 25.5658 
60.4198 5.64177 12.6675 8.13279 13.1148 9.80475 29.9584 14.4634 7.69852 5.22521 12.8196 7.59074 12.6493 8.38376 20.4056 8.01875 6.63474 25.6298 
60.4369 5.83286 12.7321 8.08436 13.0617 9.76413 30.0615 14.3734 7.6475 5.13617 12.717 7.53503 12.7363 8.32128 20.5072 7.962 6.50977 25.6111 
60.7946 5.59334 12.7004 8.19631 13.1945 9.7506 29.9407 14.4509 7.62823 5.23822 12.7753 7.49753 12.73 8.29681 20.3546 8.06978 6.56444 25.6897 
60.3156 5.67093 12.6087 8.13018 13.0846 9.67978 30.0896 14.2182 7.59385 5.22103 12.8831 7.53345 12.6962 8.32335 20.5545 8.15308 6.53788 25.4512 
60.8883 5.69331 12.8539 8.20567 13.0664 9.66206 30.0588 14.3546 7.61103 5.17938 12.7107 7.54699 12.7128 8.33584 20.5202 8.02395 6.52798 25.6048 
60.5404 5.60739 12.7305 8.21348 13.0888 9.66466 29.9963 14.3577 7.64592 5.25696 12.7613 7.46524 12.705 8.31606 20.3858 8.01874 6.73001 25.5746 
60.3499 5.59646 12.805 8.23223 13.0346 9.67404 30.0677 14.3712 7.52408 5.20229 12.6623 7.53397 12.7081 8.34157 20.6139 8.08487 6.59828 25.4652 
60.2467 5.54282 12.7133 8.0557 13.0179 9.70214 30.1275 14.4655 7.67975 5.19447 12.6977 7.50115 12.8581 8.30511 20.4254 8.03799 6.5488 25.5959 
59.9572 5.54073 12.7295 8.09475 13.0908 9.74484 30.1192 14.3327 7.59904 5.20905 12.6248 7.49334 12.6701 8.31761 20.5243 8.0281 6.5941 25.321 
60.2003 5.5751 12.7867 8.27699 13.9828 9.74484 30.4045 14.4384 8.19837 5.28143 13.4048 7.84273 13.8011 8.40456 21.4126 8.70657 7.12782 25.6854 
60.5601 5.86772 13.4845 8.19523 13.8927 9.8198 30.8491 14.5477 8.52327 5.25434 13.3007 7.57768 13.3236 8.43059 21.2636 8.64459 11.8833 25.5724 
64.8771 5.80732 12.8773 12.7607 12.9424 14.428 38.9803 14.3686 7.60528 5.27517 12.7826 7.51208 12.7274 8.28271 20.5081 8.14628 6.92733 25.9057 
60.0883 5.67194 12.8336 8.18846 13.1075 9.82813 30.619 14.5821 8.60346 5.25746 13.2663 7.49906 13.2918 8.45297 20.4748 8.02965 6.56962 25.6812 
60.5168 5.63653 12.6498 8.10307 13.1075 9.78231 30.0723 14.3077 7.52612 5.23819 12.7326 7.52404 12.6357 8.34309 20.4768 8.05515 6.58679 25.5786 
60.1741 5.57768 12.5883 8.13065 13.0101 9.71721 30.1701 14.2519 7.60215 5.15748 12.6508 7.45843 12.768 8.29727 20.618 7.97809 6.51598 25.5125 
60.2095 5.61153 12.468 8.04682 12.9726 9.75053 30.005 14.241 7.58652 5.1429 12.6685 7.47301 12.6253 8.29519 20.4503 8.05775 6.54826 25.4089 
60.0887 5.60736 12.5925 8.15044 12.9835 9.81302 29.8952 14.2941 7.60891 5.1882 12.7227 7.46468 12.6883 8.21396 20.5107 7.9734 6.52535 25.5895 
60.2131 5.57091 12.4925 8.07961 13.0616 9.76718 29.9212 14.2483 7.52351 5.18715 12.7263 7.52091 12.7518 8.24988 20.5851 8.00151 6.62063 25.7843 
60.0459 5.49384 12.5482 8.1348 13.0929 9.66304 30.0055 14.3498 7.56829 5.18455 12.7466 7.4579 12.5847 8.26654 20.581 8.06607 6.64822 25.4458 
60.0376 5.57507 12.5972 8.1598 13.1116 9.65992 29.9904 14.2899 7.59901 5.22933 12.8497 7.52976 12.6008 8.29518 20.4883 7.99786 6.65187 25.513 
60.2959 5.5709 12.5815 8.09834 13.0543 9.65366 30.3767 14.6586 7.70053 5.28556 13.1902 7.72136 13.11 8.51281 20.9345 8.15666 6.8013 25.6671 
60.3702 5.59173 12.6612 8.10355 13.1522 9.76352 30.0961 14.4529 7.53912 5.2413 12.8544 7.52558 12.5919 8.31287 20.5523 8.10251 6.67216 25.3864 
60.2796 5.60422 12.6476 8.23008 13.1189 9.80101 30.245 14.8559 8.48886 5.28087 12.7653 7.53287 12.7835 8.35453 20.5304 8.00826 6.58417 25.5338 
60.4936 5.58912 12.7929 8.12177 12.9772 10.1119 30.7433 14.6091 7.87549 5.37459 13.2219 7.63752 13.0402 8.47167 21.0099 8.18008 6.85075 26.1325 
60.592 5.624 12.7544 8.17227 13.021 9.82182 30.0747 14.418 7.63387 5.20172 12.7018 7.52661 12.8616 8.2837 20.5455 8.06136 6.48731 25.6962 
60.3191 5.61098 12.708 8.00513 13.0012 9.82182 29.9778 14.2961 7.65626 5.25379 12.8179 7.55577 12.7596 8.30088 20.6897 8.08011 6.69611 25.8326 
60.5946 5.87341 12.9777 8.23527 13.0152 9.77809 29.9997 14.5112 7.486 5.2465 12.7169 7.54223 12.7851 8.31963 20.5731 8.00513 6.49616 25.5832 
60.5544 5.73542 12.8965 8.16601 13.0647 9.7989 30.0299 14.3638 7.64167 5.30897 12.6788 7.46724 12.7049 8.30295 20.8115 8.09988 6.64924 25.7045 
60.5867 5.57609 12.695 8.16914 13.1053 9.69893 30.0892 14.2857 7.6776 5.21004 13.011 7.69166 13.1995 8.46176 21.0932 8.40813 6.92989 25.8326 
60.1675 5.60577 12.8481 8.27588 13.1496 9.82962 30.3287 14.3477 7.58336 5.26055 12.7325 7.54691 12.6721 8.30556 20.5944 8.065 6.58884 25.3879 
60.2123 5.63701 12.708 8.21859 13.1183 9.75723 30.0772 14.318 7.54325 5.29074 12.8746 7.55159 12.7476 8.30034 20.6949 8.09467 6.72889 25.6466 
60.2773 5.6219 12.5304 8.26649 13.676 9.7312 30.1407 14.2987 7.66093 5.2293 12.7184 7.53961 12.7528 8.29097 20.6543 8.07175 6.63361 25.366 
60.1565 5.58233 12.8314 8.22484 13.0365 9.78275 30.2329 14.2529 7.47556 5.20118 12.6413 7.49171 12.6794 8.2691 20.5777 7.9067 6.61799 25.5623 
60.1242 5.63232 12.5336 8.1509 12.9876 9.64893 29.9309 14.3221 7.65156 5.13297 12.721 7.53491 12.6444 8.2316 20.4439 8.04519 6.5305 25.4586 
60.1835 5.58076 12.6049 8.02488 13.0152 9.68849 29.9736 14.2851 7.54272 5.13193 12.6929 7.49482 12.6767 8.28783 20.3559 8.01915 6.52477 25.4232 
60.0242 5.55681 12.7252 8.05925 13.0277 9.70828 30.375 14.5132 8.35344 5.24804 12.7397 7.50003 12.7455 8.25242 20.6318 7.9197 6.52113 25.7008 
60.134 5.53025 12.7335 8.14204 13.2828 9.75566 30.0558 14.2904 7.55886 5.19753 12.684 7.44327 12.6491 8.2191 20.6594 8.11236 6.66744 25.6289 
60.2964 5.59169 12.7454 8.10662 13.1552 9.7218 30.1438 14.2862 7.54844 5.22148 12.8163 7.47711 12.6507 8.29251 20.3173 8.03477 6.62265 25.4289 
60.248 5.53025 12.5184 8.13786 13.0355 9.72701 29.8506 14.3408 7.63123 5.2043 12.7225 7.48856 12.7017 8.25762 20.5115 8.11443 6.49144 25.4529 
60.2563 5.90358 13.5582 8.12849 13.1146 9.79157 30.0459 14.3434 7.63019 5.18503 12.8022 7.5172 12.8355 8.30448 20.5324 8.08371 6.53466 25.645 
60.2204 5.65313 12.5111 8.15921 13.2094 9.76501 30.074 14.3143 7.64216 5.31363 12.8058 7.52656 12.748 8.27688 20.4683 8.09151 6.55496 25.5882 
44.0482 4.55239 11.8176 5.3152 11.8957 6.74917 29.2336 12.3622 10.6606 3.93433 22.6656 5.65416 22.8905 6.47321 56.5255 8.70436 71.1871 35.2908 
42.2925 4.18634 10.8293 4.9429 10.03 6.19672 23.4451 11.3036 6.20922 3.52507 9.41562 5.0585 9.01469 5.74424 15.0464 6.79708 5.05381 18.3897 
43.0001 4.05773 9.94829 4.92624 9.87227 6.20297 24.6458 10.9142 5.73123 3.14548 9.18808 4.9856 9.0074 5.62344 15.3499 7.06939 5.12514 18.6464 
44.2205 3.90673 10.5965 5.04235 10.2019 6.13059 23.8616 12.283 6.40031 3.61774 9.68689 5.30582 9.60879 5.78798 15.844 7.18707 5.2501 18.7115 
44.0841 3.86403 10.3232 5.12618 10.1519 6.71168 25.3138 12.2669 6.48518 3.61774 9.62701 5.23865 9.55672 5.84889 15.4556 7.0923 5.14232 18.5735 
44.2309 4.03794 10.2654 5.12254 10.2081 6.59973 25.3273 12.1935 6.44821 3.61462 9.67544 5.2173 9.56505 5.84525 15.5457 7.10428 5.18241 18.5412 
44.3882 3.91297 10.3846 5.09025 10.282 6.1686 24.1063 12.27 6.47945 3.68647 9.6947 5.25531 9.30731 5.84525 15.6696 7.04231 5.1116 18.7109 
44.3293 3.78801 10.62 5.06005 10.2294 6.62836 25.4038 12.3195 6.36281 3.64794 9.67334 5.24958 9.49943 5.89054 15.7144 7.07094 5.13867 18.6276 
44.2996 3.85361 10.281 5.15585 10.1498 6.66012 25.3028 12.258 6.40342 3.62139 9.55567 5.2829 9.35208 5.8265 15.5451 7.02252 5.26832 18.5537 
44.61 3.80935 10.255 5.05692 10.2602 6.58618 24.0048 11.2672 5.88377 3.29596 9.35885 5.19595 9.56087 5.89263 15.8701 7.62496 5.80307 18.5964 
44.4397 4.13426 11.1833 5.17772 10.5762 6.29928 24.778 12.4679 6.70959 3.98899 9.93941 5.50107 9.70198 6.1764 16.0747 7.16779 5.14127 19.2936 
44.8406 5.32038 11.6853 6.22742 13.3416 7.89831 26.012 11.7894 8.23415 4.46854 12.5054 6.23575 13.0286 6.54452 18.0585 8.18 7.85822 19.7106 
46.3891 4.48676 11.351 5.24332 10.7168 6.47006 24.0964 12.1044 6.23107 3.51256 10.1128 5.61041 10.1248 6.27793 16.624 7.19694 5.26623 18.7369 
44.5844 4.43001 11.025 5.02515 10.1659 6.15921 24.112 12.3403 6.68563 3.63908 9.68323 5.23239 9.32603 5.84107 15.5607 7.11832 5.11159 18.6453 
45.0254 4.84552 10.4564 5.04182 10.1899 6.10766 24.0099 11.6103 5.86086 3.23972 8.93135 4.78199 8.83398 5.80306 15.6279 7.1303 5.08295 18.5917 
44.7822 4.35816 10.8537 4.99339 10.1305 6.20867 23.937 12.1888 6.38675 3.61825 9.54836 5.185 9.47911 5.78691 15.4514 7.07874 5.0944 18.6916 
44.1761 4.2915 10.9001 5.10273 10.1154 6.11755 24.0292 12.2538 6.42007 3.67553 9.45255 5.29903 9.19273 5.78692 15.416 7.02875 5.16313 18.488 
44.3146 4.30348 10.4445 5.05639 10.2362 6.04049 23.8568 12.2164 6.48099 3.68074 9.49889 5.22926 9.09172 5.789 15.5394 7.05114 5.04441 18.6057 
44.7254 4.16237 10.2711 5.05275 10.1586 6.12016 24.049 11.6946 5.97228 3.25273 8.90635 4.7268 8.66006 5.74526 15.505 6.93451 5.26727 18.576 
44.2318 4.42011 10.7829 5.25373 10.5121 6.36852 25.0383 11.7764 6.15035 3.38707 9.89201 5.44118 9.62853 6.09672 16.0554 7.24743 5.30996 18.677 
46.3177 4.4274 10.8563 5.30475 10.5793 6.34509 24.0266 11.1338 5.87647 3.22201 9.16304 5.23082 9.32966 5.7791 15.6039 7.00375 5.1272 18.7744 
44.414 4.30035 10.3731 5.07669 10.0935 6.05506 23.9089 11.6988 5.84106 3.23294 8.78919 4.69815 8.75586 5.59113 15.4732 7.04228 5.13657 18.5932 
44.5046 3.79841 10.6621 5.1272 10.0857 6.13473 23.9198 11.741 5.96915 3.25898 9.28696 5.33599 9.38693 5.77806 15.6935 7.01573 5.04441 18.4479 
44.5999 4.13269 10.2258 5.14803 10.2081 6.19981 24.1323 11.6977 5.915 3.26523 9.35205 5.34641 9.45566 5.85616 15.6721 6.93815 5.26674 18.4672 
44.2703 3.89108 10.2294 5.09908 10.3132 6.64187 25.2043 12.1486 6.48098 3.64845 9.54053 5.27351 9.41348 5.79211 15.6315 7.0277 5.10272 18.6072 
44.3546 3.86557 10.3221 5.07825 10.1174 6.67728 23.9307 11.1578 5.9051 3.36728 9.2755 5.20321 9.61759 5.88323 15.6461 7.10476 5.09023 18.6468 
44.2802 3.81298 10.359 5.13605 10.2684 6.57106 23.8729 11.1744 6.06547 3.41362 9.24738 5.50313 9.63738 6.05089 16.3271 7.33022 5.27663 18.8858 
44.4843 4.53622 11.4785 5.79471 10.9849 6.37996 25.3236 11.6686 7.58171 3.87442 11.3812 5.81294 10.3033 6.66322 18.0366 7.68168 7.55411 19.4992 
45.2408 5.29016 11.1687 6.13263 13.5368 7.8837 26.1374 13.2717 8.73502 4.45082 12.1221 6.46899 12.158 6.46743 17.2378 8.12269 8.10915 19.1878 
44.3645 4.37376 11.1885 5.10011 10.3002 6.17949 24.0947 12.448 6.39245 3.7104 9.34786 5.25007 9.50043 5.84417 15.3316 7.18442 5.17509 18.6411 
44.6316 4.36334 10.7896 5.11105 10.0992 6.10712 24.0281 12.8234 6.381 3.66667 10.1466 5.47865 9.71286 6.05349 16.1012 7.31303 5.3136 19.0592 
46.2145 4.31909 11.6128 5.31151 10.6449 6.41588 24.2947 11.6389 6.10139 3.35009 9.82638 5.43075 9.78941 6.08785 16.2058 7.29845 5.48386 18.6004 
44.2572 4.06343 11.2182 5.11261 10.1424 6.72256 25.4724 12.2642 6.34298 3.65313 10.082 5.25059 9.36972 5.76294 15.3774 7.03133 5.02825 18.4775 
44.3139 3.80048 10.1799 5.09126 10.2773 6.56896 24.0312 11.2359 5.94049 3.28708 9.21248 5.18706 9.44887 5.79366 15.5331 7.05841 5.07199 18.5411 
44.1765 4.2894 10.6319 5.15843 10.1008 6.21125 24.1744 12.3262 6.41484 3.60054 9.63683 5.21258 9.25309 5.83115 15.5779 7.00842 5.12562 18.5484 
44.2004 3.79215 10.1737 5.07824 10.1612 6.59708 24.4061 11.8685 6.64446 3.64688 9.68213 5.21518 9.69411 5.81969 15.4446 7.03549 5.08657 18.5234 
44.5055 3.8614 10.2955 5.05898 10.2778 6.51898 23.9364 11.1093 5.86187 3.24907 8.92453 4.73198 8.63868 5.54269 15.3857 7.07454 5.15321 18.5614 
44.4519 4.07175 10.1981 5.13655 10.2288 6.58926 25.1605 12.1731 6.42108 3.56617 9.51186 5.15061 9.37909 5.85926 15.4789 7.04486 5.0522 18.7795 
43.9765 3.83744 10.3168 5.16935 10.1726 6.21229 24.2462 11.7284 5.92279 3.2725 8.92245 4.80592 8.63034 5.30629 14.2574 7.01778 5.09021 18.5968 
44.1926 4.14361 10.3824 5.12041 10.2007 6.1925 23.8427 12.5256 7.47859 3.77809 9.93778 5.51509 9.6337 6.04098 16.3089 7.20679 5.2459 18.8529 
44.3712 4.02645 10.3205 5.10114 10.2262 6.09097 24.0108 12.2564 6.47471 3.70102 9.5254 5.33858 9.38586 5.87957 15.6304 7.01154 5.06313 18.4655 
43.9259 3.88014 10.3668 5.11832 10.1835 6.19926 24.3243 11.5535 5.92122 3.25167 8.92348 4.69865 8.57306 5.72388 15.4305 7.01413 5.07459 18.3812 
43.7515 3.76507 10.6964 5.25266 10.3975 6.23103 24.7429 11.8539 5.97849 3.36726 9.63265 5.3771 9.70971 5.97849 15.8684 7.06048 5.14019 18.5004 
44.3893 3.81453 10.2757 5.10947 10.3049 6.49553 24.1092 11.2051 5.87436 3.22668 9.35409 5.20215 9.51706 5.7973 15.481 7.11879 5.07146 18.8305 
44.4737 4.39926 11.0166 5.55934 11.1359 7.24532 24.6091 12.1304 7.39684 4.09883 10.6225 5.59631 9.94819 5.79521 16.1402 7.7207 6.22269 19.106 
46.4205 4.27898 11.7794 5.26776 11.6586 6.56686 25.0074 11.8908 7.12035 3.87076 10.61 5.70669 10.3054 6.07065 16.224 7.31665 5.36616 18.8461 
44.1196 4.1436 11.2593 5.47551 11.0755 6.21384 24.3039 11.5107 5.96339 3.31884 9.49675 5.35367 9.12967 5.82385 15.7975 7.11462 5.13446 18.6405 
44.9516 4.51381 11.1926 5.32659 10.6141 6.42367 24.267 12.0101 6.40285 3.52815 9.83675 5.49582 9.6467 6.15969 16.3505 7.33018 5.28754 18.8649 
46.2414 4.0228 11.4165 5.45572 10.5636 6.3912 23.8086 11.2299 5.92588 3.26895 9.1589 5.31908 9.34589 5.87796 15.6697 6.99939 5.17532 18.535 
44.972 4.10598 10.3241 5.0822 10.1438 6.55546 24.3901 11.2625 5.88273 3.31821 9.49395 5.2006 9.50701 5.89579 15.6107 7.06784 5.14732 18.6124 
34.5228 2.97975 7.00986 3.51825 7.22035 5.21365 20.9993 11.1141 8.1605 3.4164 21.192 5.40638 21.0416 6.04725 58.4162 9.2704 71.7888 30.3695 
38.7196 3.78463 7.69147 4.33514 7.09761 5.11964 15.5783 11.0818 4.41714 3.4446 7.73012 4.89609 7.5656 5.4184 12.7578 6.94719 4.82767 14.1461 
34.3536 3.16256 6.49382 4.00138 6.50427 4.73104 14.377 10.5694 3.83007 2.82933 6.41548 4.17218 6.43637 4.52839 11.2724 6.09426 3.524 12.3107 
34.8049 3.26284 6.58732 4.04473 6.59515 4.76552 14.3837 10.4588 4.11698 3.11789 7.06043 4.50919 7.06827 5.05809 12.1802 5.97675 3.79474 12.9228 
38.3772 3.62135 6.99724 4.3217 6.95494 5.20902 15.4631 11.1701 4.19793 3.07193 7.09856 4.44757 7.01604 4.95573 11.3132 6.46819 4.15144 13.42 
36.0166 3.21869 6.59667 4.01931 6.5857 4.72593 14.2854 10.5732 3.73938 2.87295 6.40604 4.09504 6.41544 4.50449 11.2171 6.15692 3.83234 12.3389 
34.5961 3.0735 6.86824 4.17495 6.534 4.73951 14.1856 10.499 3.79213 2.88601 6.36008 4.141 6.37157 4.55359 11.321 6.0953 3.40566 12.4611 
36.5441 3.25525 6.67762 4.3405 6.69224 4.96304 14.8964 10.7434 3.99216 3.01187 6.66352 4.32536 7.04686 5.28318 10.8886 5.77985 3.99111 13.6383 
36.5812 3.22026 6.70216 4.20681 6.78364 4.9505 14.862 10.6854 3.90912 2.98211 6.74238 4.25433 6.68859 4.78599 11.6908 6.32405 3.83757 12.3739 
36.2011 3.05288 6.86662 4.13125 6.71883 4.9997 14.8231 10.7237 4.02002 3.04609 6.51673 4.24039 6.56478 4.77358 10.7467 5.76474 4.02159 14.2466 
35.9264 3.0158 6.44885 4.05187 6.33291 4.7553 14.2111 10.4287 3.83568 2.88054 6.40707 4.13908 6.34388 4.53649 11.2386 6.18617 3.75943 12.2935 
34.5326 3.44976 7.13504 4.0571 6.39245 4.65921 14.1578 10.4595 3.72392 2.84712 6.35537 4.09992 6.31046 4.52239 11.1556 6.10157 3.46073 12.2778 
36.2919 3.06593 6.77053 4.21011 7.05096 4.94278 14.7651 10.7201 3.93177 2.94478 6.66818 4.93703 7.4468 4.72971 10.6443 5.79921 4.06441 13.8142 
37.0288 3.81218 8.01811 4.78977 7.84421 5.50677 16.4127 11.0073 5.72505 3.68215 8.38 5.07333 8.25676 5.24775 12.0465 6.61387 5.5052 12.8147 
34.7122 3.75526 7.54184 4.20436 7.60973 5.38405 15.5379 10.833 4.86666 3.72466 8.24564 4.9643 8.45556 5.4588 12.1755 6.90418 5.381 12.8669 
37.6926 3.84267 8.45816 4.99145 8.63779 6.09063 16.6667 11.2095 5.34653 3.31632 8.83309 5.13871 7.948 5.33975 11.5035 5.81127 3.7633 12.7671 
38.1954 3.78732 7.84827 4.26877 6.88695 5.12096 15.4887 11.0779 4.41445 3.41188 7.5689 4.59878 6.64309 4.7335 10.5933 5.77419 3.64216 12.4799 
36.8456 3.28447 6.7705 4.18156 6.69583 4.88128 14.7316 10.7813 3.93719 2.92208 6.64152 4.29488 6.73082 4.73872 10.668 5.67342 4.76692 13.6799 
36.9427 4.33978 6.76371 4.29279 6.92298 5.09224 15.9759 12.0711 4.08131 3.10484 7.05665 4.47137 7.67386 5.35854 12.1948 6.52299 4.12935 14.3948 
38.314 3.77061 7.41695 4.33561 6.99086 5.16482 15.4396 11.0398 4.41184 3.45104 7.57413 4.87136 7.58785 5.82494 12.8852 6.44938 4.18332 14.3383 
36.5242 3.65701 7.88785 4.14991 6.59296 4.89395 14.8505 10.7225 3.98387 2.95631 6.72193 4.34623 6.66763 4.70911 10.6322 5.85154 4.04444 14.1628 
36.614 3.04142 6.75691 4.16453 6.72141 4.91222 14.7241 10.4588 3.77397 2.88582 6.38359 4.10396 6.37053 4.52114 10.2568 5.51267 3.4586 12.279 
34.4283 3.54319 6.40761 4.02616 6.44572 4.64645 14.3163 10.5121 3.79329 2.85867 6.33398 4.14155 6.38568 4.54777 11.1355 6.20763 3.7087 12.2482 
35.5582 3.97865 6.6316 4.19063 7.57353 4.90648 14.8155 10.7152 3.85125 2.96258 7.42315 4.55038 7.25764 4.69553 11.111 5.95074 4.02303 14.2318 
36.5179 3.02001 6.72402 4.15095 6.68381 4.93676 14.8975 10.8228 3.97708 2.94326 6.68433 4.30916 6.50368 4.68718 10.7021 5.65469 3.9964 14.3242 
34.8917 3.12051 6.57626 4.03787 6.48491 4.74008 14.3179 10.4544 3.81597 2.83183 6.42695 4.14384 6.41025 4.51244 11.3043 6.06567 3.63689 12.2947 
34.432 3.05789 6.65824 4.09529 6.51519 4.67011 14.5549 10.3745 3.71364 2.89343 6.44575 4.44092 6.99395 4.9651 12.1768 6.38936 4.08694 12.8116 
38.0339 3.17954 7.1631 4.30987 7.08009 5.05803 15.5662 11.0804 4.1381 3.09809 6.90206 4.47276 6.95531 4.91498 11.0882 6.39719 4.07911 13.328 
37.8271 3.1195 6.79346 4.20075 6.83001 4.88417 14.9005 10.6888 3.90629 2.99054 6.65354 4.28533 6.71776 4.67742 10.5661 5.80253 4.00131 13.6459 
36.6148 4.11826 7.29206 4.12609 6.72403 4.89357 14.8958 10.7655 4.16369 3.16701 7.72383 4.7171 7.18921 4.73172 10.6914 6.00876 3.93083 14.2422 
36.2666 3.1054 6.8227 4.14228 6.73447 4.94421 14.7653 10.7165 3.96947 2.96914 6.68174 4.30622 6.6786 4.70412 10.699 5.7191 3.97805 13.8073 
33.6771 2.53405 5.60998 3.31608 6.64678 4.8859 14.8138 10.7225 3.9958 2.92715 6.6661 4.28762 6.72927 4.74912 10.7183 5.99839 3.98849 13.3693 
36.6356 3.82352 7.47841 4.18165 6.63478 4.96995 14.8775 10.7621 4.03234 2.97675 6.70578 4.28501 6.63217 4.73555 10.7647 5.6789 4.00415 13.8939 
33.7737 2.64107 5.86423 3.57972 6.90624 5.09837 15.4387 11.0143 4.49906 3.38813 7.72221 4.84048 7.56977 5.39542 12.2719 6.48234 4.18374 14.4014 
37.9684 3.16834 7.02266 4.28136 7.0592 5.02998 15.7958 11.4893 4.13258 3.0869 6.96941 4.50636 6.92243 4.96212 11.0618 6.72196 5.14901 13.3802 
35.5894 4.04957 8.10227 4.45833 7.34842 5.12395 15.0706 10.7595 5.09576 3.48418 7.77337 4.78827 7.85534 5.18242 11.6256 6.69481 5.05817 12.9735 
34.4843 3.73032 7.47474 4.66682 7.62926 5.12097 14.9291 10.9075 5.40861 3.78879 8.11839 4.94767 8.45457 5.62994 12.5545 6.82014 5.25983 12.7988 
36.5134 3.51421 7.86782 4.58591 8.0547 4.86049 14.7433 10.7034 4.03518 3.02195 6.68389 4.26226 6.63639 4.76705 10.5541 5.94158 3.99081 14.191 
36.5756 4.23355 7.46117 4.13698 6.57322 4.96437 14.8247 10.7556 3.88954 2.98071 6.73922 4.29045 6.57113 4.74147 10.6168 5.88834 3.9835 13.6204 
36.6533 4.04875 7.42045 4.13489 6.6343 4.85788 14.8341 10.7039 3.94957 2.92224 6.58471 4.29149 6.73975 4.96959 11.2317 6.01049 4.02265 14.3267 
38.1588 3.38945 7.41367 4.35831 6.87338 5.12567 15.34 10.9258 4.20588 3.06736 7.10724 4.44549 6.95221 4.9889 10.9952 6.36337 4.21267 14.4781 
38.2476 3.56328 6.91932 4.07747 6.54608 4.68248 14.3027 10.4577 3.82976 2.93248 6.33944 4.12416 6.37598 4.53287 10.1995 5.47191 3.76713 14.0256 
31.788 2.97998 5.34611 3.2441 6.46054 4.74375 14.3127 10.5064 3.84594 2.8735 6.29768 4.12468 6.38276 4.50677 10.3049 5.67548 3.85743 14.0611 
36.4477 3.30622 6.53623 4.16644 6.69021 5.74491 14.7459 10.6776 3.90545 2.95127 6.68134 4.34235 6.71788 4.71034 10.6604 5.78666 3.96078 13.8293 
36.6957 3.82089 6.994 4.12834 6.71788 4.93532 14.8613 10.7585 3.91119 2.91473 6.69804 4.29955 6.6401 4.69677 10.7131 5.61859 3.97696 14.2861 
36.3658 3.46438 6.96164 4.16905 6.68864 4.92174 14.7736 10.7037 3.89605 2.99251 6.66463 4.29537 6.67194 4.72391 10.6374 5.75639 4.08031 14.3184 
36.4321 3.44611 6.87134 4.02655 6.34414 4.63518 14.3336 10.4375 3.77652 2.89751 6.42818 4.09597 6.34936 4.50573 10.2532 5.44738 3.46177 12.2796 
34.5574 3.47093 6.42357 4.06594 6.48672 4.68132 14.2642 10.4003 3.75278 2.86286 6.35676 4.14058 6.32544 4.54457 11.2348 6.06865 3.45736 12.2229 
36.022 3.2538 6.74508 4.12701 6.6407 4.9569 14.7736 10.6821 3.90832 2.99283 6.69602 4.29717 6.5551 4.69906 10.6826 5.70224 3.92763 14.0158 
33.5579 2.49281 5.73356 3.39525 6.65531 4.96734 14.795 10.7061 3.96208 2.93698 6.70437 4.32535 6.69863 4.69593 10.7228 6.09265 4.01271 14.2183 
130.405 6.62817 19.8892 8.68254 19.6381 13.1264 52.1412 9.70138 8.02646 3.57584 14.1436 5.26955 13.6379 6.26124 26.1457 4.76692 17.2377 32.894 
48.1937 2.16081 7.41773 3.05213 7.72271 5.46283 23.9718 5.96439 5.15908 2.7703 8.87038 4.68779 10.148 5.90698 17.1108 4.15127 5.01869 21.2141 
48.7532 2.45611 7.4487 3.03908 7.18409 4.4592 20.3848 5.37933 5.25355 2.93313 8.90431 4.48008 10.4706 6.09069 17.3504 4.10378 5.15334 21.6165 
48.9666 2.19724 7.29839 3.03282 7.23733 4.54479 20.5017 5.84748 5.22797 2.94566 8.91788 4.79009 10.4116 5.9576 17.3055 4.24522 5.05783 21.5998 
49.8377 2.2035 7.53325 3.05213 7.158 4.48008 21.1509 6.26031 6.20655 3.13981 10.2018 4.73268 10.363 6.13505 17.2277 4.17319 5.13246 21.1311 
49.2975 2.12678 7.40225 3.06987 7.22219 4.97746 19.211 4.764 4.19772 2.75151 8.74356 4.35534 8.99199 6.07712 17.3645 4.21547 5.1596 22.1138 
48.8857 2.11843 7.50976 3.07286 7.1955 5.01576 22.3076 6.31836 5.67019 3.01071 8.70908 4.35402 8.9147 5.71716 16.1474 4.22146 5.1217 21.4408 
48.2293 2.18927 7.40909 3.06133 7.7744 5.41186 24.0382 6.13466 5.21094 3.06446 8.9528 4.74595 10.3405 6.07099 17.1317 4.28722 5.10552 21.7795 
49.2375 3.31079 7.43883 3.09421 7.20712 4.52154 21.0797 5.72499 5.18172 3.04098 9.72152 4.64731 10.1333 5.82989 17.2773 4.18128 5.14153 21.1068 
47.7757 2.27643 7.37047 3.05194 7.18781 4.54503 21.195 5.97862 5.1718 2.98566 9.69334 4.74804 10.2293 6.03081 16.9694 4.21624 5.06743 21.1005 
49.69 2.2065 7.42631 3.04254 7.22591 5.08152 22.5686 6.42326 6.22964 3.31444 10.1223 4.72351 10.2669 6.18424 17.2992 4.16249 5.02515 21.4481 
49.1639 2.14648 7.38612 3.0248 7.23199 4.53364 19.6981 5.71211 5.25028 2.76995 8.89432 4.29322 8.8531 5.40057 16.0765 4.23895 5.23619 21.7844 
49.7981 2.21054 7.35279 3.02722 7.19676 4.50196 18.9216 5.43345 5.21271 2.92077 10.2595 4.75975 10.1911 5.96625 17.2037 4.1925 5.12086 21.0517 
48.0781 2.18705 7.38306 3.07054 7.15397 4.5411 18.4832 5.61088 5.17148 3.10132 9.91505 4.82915 10.1441 6.22352 17.2193 4.18206 5.00762 21.2281 
50.8329 2.17192 7.42742 3.08045 7.20511 4.57606 18.8261 5.45119 5.16574 2.98756 10.1394 4.66843 10.1911 6.04557 17.1551 4.2546 5.24037 20.9933 
48.135 2.15626 7.34027 3.0674 7.40289 5.43293 19.1454 4.6225 4.22329 2.87067 8.47372 4.25512 9.89992 6.26631 17.3999 4.20033 5.05615 21.1587 
48.4246 2.57269 7.51196 3.10915 7.6993 5.40005 23.8766 5.99303 5.28963 3.062 8.84057 4.60814 10.178 6.15584 17.2172 4.21365 5.21031 21.5337 
47.9917 2.43217 7.61535 3.06618 7.16137 4.57683 20.1415 5.38616 5.15709 2.94825 8.93084 4.56065 10.3815 6.02851 17.0284 4.19695 5.11378 21.8786 
48.9754 2.28085 7.39515 3.08496 7.15302 4.50847 20.0763 5.59697 5.25519 2.96808 8.97885 4.47299 10.4885 6.15584 17.1024 4.2173 5.11325 21.2754 
48.5177 2.1817 7.37636 2.99678 7.19999 4.55074 20.2662 5.58602 5.24893 2.96651 8.95589 4.42759 10.4201 6.00503 17.1024 4.2126 5.16022 21.5269 
51.0757 2.38156 7.44472 3.01191 7.34035 4.56952 21.0489 5.52079 5.2197 3.00356 9.35978 4.77773 10.2489 6.01808 17.0779 4.2126 5.14143 21.4486 
48.6059 2.21667 7.40715 3.03278 7.23234 4.53143 21.2149 5.9325 5.27815 2.77866 9.46051 4.63187 10.2697 6.15496 17.1839 4.24523 5.24601 21.5163 
50.0552 2.21393 7.37854 3.11661 7.2027 4.9032 22.1163 6.27132 5.93477 3.04774 9.03782 4.27497 10.1894 6.03965 17.0503 4.22071 5.11139 20.9721 
49.0508 2.19619 7.45733 3.10409 7.20636 4.62301 19.7975 5.8205 5.22619 2.93921 8.74875 4.24001 9.96137 6.12626 17.2361 4.17062 5.11557 21.1364 
48.2775 2.21132 7.42237 3.05557 7.17244 4.55517 19.3138 5.4756 5.12496 3.05557 10.1967 4.8025 10.3412 6.13931 16.8948 4.18418 5.11139 21.2669 
49.068 2.15184 7.40098 3.05713 8.20505 5.44221 18.6026 4.80824 4.79624 2.98252 8.96007 4.29689 8.88337 5.82311 16.2807 4.27863 5.08844 21.1275 
48.1293 2.1941 7.44168 3.03783 8.10435 5.22984 24.0401 6.07304 5.12183 2.96425 8.84632 4.63963 10.1685 6.14262 16.8949 4.17352 5.15233 21.226 
49.0434 2.18459 7.36665 3.11748 7.21065 4.53874 21.0361 5.78365 5.23946 3.08879 9.13697 4.67075 10.4299 6.29549 17.2529 4.15004 5.21389 21.2761 
49.1159 2.20076 7.37187 3.02565 7.21222 4.53561 21.1149 5.52643 5.21546 3.11957 9.7109 4.56327 10.18 6.21671 17.4276 4.17456 5.17998 21.37 
49.3481 2.17154 7.34422 3.09401 7.17987 4.89197 22.0854 5.91304 6.00174 3.01574 8.80931 4.45839 9.69994 6.08522 17.0598 4.1323 5.13302 21.5615 
50.4375 2.1825 7.351 2.99018 7.17934 4.49544 19.5773 5.46329 5.38346 3.27818 10.2447 4.68223 10.3052 6.00957 16.9335 4.27526 5.16902 21.5093 
49.3387 2.19137 7.42248 3.2067 7.14595 4.40517 19.6357 5.68817 5.19146 3.02826 8.88757 4.32326 10.0845 6.07607 17.0824 4.20668 5.175 22.1061 
48.4788 2.21473 7.35686 3.01036 8.34814 5.36387 21.2541 5.39465 5.12701 3.00358 8.85578 4.2359 8.82865 5.78021 16.7245 4.18268 5.223 21.2833 
49.1508 2.19856 7.34695 3.08288 7.25513 4.55206 19.7385 5.79012 5.29657 3.29731 10.2738 4.79832 10.4679 6.13028 17.1491 4.17485 5.127 21.6318 
49.8739 2.18969 7.38921 3.0714 7.16643 4.49519 19.9357 5.62734 5.25535 2.77715 8.92883 4.37572 10.2091 6.06872 17.4611 4.22755 5.13014 21.517 
50.4228 3.34792 7.39808 3.06201 7.21756 4.54215 19.9435 5.64091 5.18753 3.00775 8.8897 4.1759 9.04047 5.81308 16.75 3.97973 4.00895 18.2792 
48.0327 2.89036 7.65373 3.06984 7.17217 5.27465 22.3847 6.05985 5.72908 3.04219 8.75457 4.36946 10.3046 6.17307 17.0416 4.17828 5.15284 21.8973 
49.4169 2.26052 7.50099 3.12915 7.20049 4.48348 19.7395 5.72408 5.14708 3.08585 8.92418 4.37027 10.0704 6.08875 17.155 4.22055 5.25351 20.9994 
47.952 2.19427 7.40708 2.96325 8.21676 5.40637 21.242 5.70739 5.26133 2.95543 8.90853 4.45844 8.90592 5.58792 16.6166 4.23724 5.17995 20.9843 
48.5697 2.15983 7.39769 3.08376 7.20206 4.55756 19.5668 5.64061 5.26864 2.8876 10.3109 4.68068 10.3103 6.06788 17.4947 4.18298 5.1716 21.9093 
50.2308 2.39773 7.42378 3.07385 7.17128 5.17786 23.0085 6.02719 5.40063 3.02168 8.86575 4.34054 10.229 6.1764 17.3434 4.24559 5.17212 21.5733 
49.2046 2.20366 7.52864 3.02742 7.18067 4.4887 19.8887 5.60357 5.28638 2.87717 8.87932 4.39323 10.3771 6.09866 17.2703 4.19968 5.28794 21.2469 
48.9073 2.16911 7.39366 3.03405 7.2309 4.53959 19.9331 5.46869 5.13795 3.04761 8.96181 4.4217 9.04372 5.72327 16.4765 4.18173 5.14682 21.8007 
48.3872 2.15816 7.43488 3.07004 7.12292 4.52134 19.727 5.49686 5.2449 3.00275 8.95347 4.3278 10.0991 6.2632 17.09 4.20051 5.19482 20.8779 
48.5975 2.21815 7.39523 3.02675 8.08227 5.2715 21.074 5.71336 5.16247 3.08674 8.93938 4.24694 9.04841 5.79109 16.2986 4.10713 5.13587 21.5571 
48.0539 2.15868 7.46253 3.07109 8.05358 5.33045 24.0522 6.14739 6.17347 3.24376 10.1601 4.69818 10.4574 6.16513 17.1698 4.14365 5.15152 21.6296 
48.5745 2.20042 7.49539 3.03979 7.15943 4.48899 20.7944 5.66902 5.15569 2.93232 9.10632 4.72688 10.4559 6.18912 17.2835 4.18381 5.09674 21.2722 
49.4438 2.23421 7.39122 3.04903 7.16951 4.98955 21.2175 5.52163 5.18152 3.05789 9.51745 4.66561 10.3208 6.04745 16.9488 4.17005 5.02659 21.4731 
48.8246 2.17788 7.47677 3.07511 7.15126 4.52581 21.2759 5.81428 5.20134 2.96296 9.56648 4.64474 10.4199 6.08084 16.4955 4.16274 5.1377 21.0093 
48.2555 3.30411 7.42356 3.03338 7.17212 4.84036 21.8387 6.05841 6.17943 2.88627 8.99424 4.4606 10.1413 6.13666 17.0422 4.1497 5.08293 21.8069 
29.905 3.2243 7.06675 2.3761 5.67082 2.82837 13.1048 5.0245 4.48773 1.90297 8.16377 4.48721 9.99319 5.04328 16.3552 3.63744 22.133 19.1757 
25.9744 1.17318 4.19039 1.65258 4.18935 2.35419 9.36617 3.76003 2.5352 1.47052 4.3255 2.1471 4.31611 2.71622 6.8487 2.45383 2.4387 9.78297 
27.9232 1.36724 4.22482 1.66718 4.23003 2.30568 10.2895 4.94365 3.05842 1.59937 5.11423 2.35732 5.15909 3.04016 7.75219 3.08919 2.55033 9.65961 
27.2939 1.27537 4.19645 1.67336 4.17193 2.3087 10.4507 4.76345 3.08748 1.6911 5.09573 2.36243 5.14215 2.96073 7.81964 3.13547 2.54656 9.72408 
27.5203 1.36248 4.57202 1.67075 4.19645 2.32904 10.5842 4.72068 3.0687 1.58208 5.09625 2.39216 5.09312 3.05775 7.84415 3.10313 2.54917 9.87013 
27.0122 1.17782 4.21366 1.63633 4.17819 2.32904 10.4851 4.75563 3.04158 1.68275 5.11659 2.37599 5.10512 3.05358 7.79564 3.18763 2.58777 9.66931 
26.9423 1.19608 4.15263 1.67128 4.18341 2.31392 10.7058 4.82396 3.07183 1.66241 5.13485 2.35043 5.10303 2.97638 7.90049 2.97325 2.60707 10.0976 
27.1238 1.19086 4.17924 1.65041 4.17767 2.31131 10.531 4.74624 3.12191 1.6525 5.07121 2.39894 5.09312 3.04992 7.72731 3.16416 2.57786 9.8717 
26.7211 1.18356 4.18028 1.70518 4.17506 2.28001 10.6134 4.68834 3.07235 1.67701 5.0999 2.3812 5.07434 3.02124 7.93596 3.13599 2.54708 9.79137 
26.3904 1.15226 4.26687 1.65667 4.17089 2.30348 10.7287 4.97106 3.07861 1.63111 5.14319 2.42346 5.10981 3.04732 7.75496 3.00872 2.56169 9.58168 
26.3748 1.14183 4.20114 1.67701 4.18184 2.32174 10.9415 4.7019 3.10835 1.66815 5.12129 2.39112 5.1578 3.04158 7.85771 3.02802 2.56951 9.59263 
26.524 1.21016 4.19384 1.65406 4.21053 2.34052 10.7115 4.8031 3.05201 1.59043 5.07956 2.40885 5.07851 2.96699 7.85928 3.21893 2.52882 9.62706 
26.758 1.12196 4.09819 1.66025 4.19469 2.35032 10.5399 4.69073 3.11863 1.67433 5.1174 2.36962 5.11792 3.0357 7.86361 3.1588 2.58034 9.69703 
27.1784 1.17307 4.21295 1.65764 4.17487 2.33259 10.5446 4.80966 3.07273 1.63051 5.08819 2.39779 5.11531 3.02736 7.87091 3.00493 2.584 9.72937 
27.4063 1.19863 4.18061 1.6785 4.19469 2.34198 10.5504 4.79714 3.11342 1.67589 5.11531 2.43378 5.01673 3.09047 7.86831 3.05135 2.55635 9.65687 
27.303 1.16629 4.27137 1.67224 4.18113 2.30494 10.591 4.68656 3.11029 1.63938 5.16069 2.3618 5.13722 3.03518 7.78224 3.0284 2.55948 9.86707 
27.0522 1.17933 4.21347 1.65347 4.18113 2.33207 10.5519 4.7648 3.08786 1.65503 5.14348 2.39361 5.05324 3.06908 7.78433 3.00962 2.60642 9.83942 
27.2405 1.15012 4.2093 1.68633 4.17487 2.3039 10.6609 4.73611 3.12854 1.65555 5.17477 2.42491 5.14661 3.07326 7.79215 3.09986 2.53966 9.97348 
26.7486 1.16629 4.19939 1.65086 4.166 2.31746 10.4241 4.83469 3.07951 1.7025 5.12053 2.36284 5.08245 3.04352 7.82449 3.0962 2.58765 9.74397 
27.0626 1.18976 4.22025 1.68268 4.15505 2.29242 10.6771 4.70638 3.06648 1.65555 5.15391 2.41604 5.10853 3.05969 7.873 3.07586 2.57878 9.85142 
26.9218 1.14595 4.21973 1.66285 4.18113 2.30807 10.5462 5.02403 3.06752 1.61435 5.19981 2.45308 5.08662 3.05448 7.82606 3.02683 2.56053 9.73771 
27.1757 1.1991 4.21589 1.67791 4.17312 2.31996 10.4612 4.75415 3.06894 1.53812 5.19645 2.3836 5.13647 2.99801 7.8377 3.16179 2.58701 9.8369 
27.137 1.15268 4.30769 1.66956 4.17521 2.34761 10.5056 4.77136 3.10389 1.59602 5.14794 2.41906 5.08014 3.06425 7.74799 3.08876 2.54268 9.96938 
27.0348 1.17719 4.18564 1.6487 4.23101 2.34865 10.517 4.79953 3.06529 1.63618 5.08744 2.37473 5.13647 3.03139 7.81423 3.0413 2.56719 9.86819 
27.2194 1.16207 4.16008 1.67999 4.1872 2.31214 10.5551 4.97165 3.07938 1.56838 5.06605 2.33405 5.07284 3.08355 7.74747 3.08042 2.57866 9.96208 
26.9931 1.19128 4.20128 1.66643 4.17886 2.31892 10.6224 5.05562 3.09242 1.67269 5.07753 2.37004 5.11456 3.0606 7.86743 3.08355 2.52025 9.53804 
27.2392 1.1579 4.17625 1.68938 4.15747 2.30901 10.5155 4.67696 3.07416 1.63514 5.07127 2.37682 5.11926 2.99071 7.84813 3.12371 2.63343 9.79778 
27.174 1.17511 4.22736 1.66591 4.20598 2.32414 10.5843 4.75885 3.08355 1.59185 5.13386 2.40863 5.10987 3.05278 7.8304 3.23168 2.58127 9.74562 
27.065 1.20327 4.25657 1.64192 4.2065 2.32205 10.5087 4.77502 3.09033 1.70555 5.11195 2.43367 5.08587 3.08564 7.78502 3.06999 2.54998 9.80404 
27.0343 1.15477 4.16738 1.69147 4.18042 2.31892 10.6198 4.74268 3.34486 1.64818 5.36752 2.38151 5.17558 3.01731 7.81215 3.08094 2.5771 9.84524 
26.879 1.16932 4.20632 1.67522 4.14217 2.32143 10.9839 4.73413 3.10584 1.61994 5.39806 2.39601 5.17171 3.06568 7.71793 3.11888 2.64062 9.66332 
26.3165 1.15367 4.4431 1.69087 4.17868 2.26406 10.7768 4.74039 3.08863 1.72269 5.43144 2.44399 5.13312 3.07559 7.7414 3.11784 2.52796 9.99346 
26.5752 1.1542 4.13069 1.65593 4.4744 2.34125 11.2019 4.82331 3.12045 1.64602 5.10078 2.41583 5.06427 2.91391 7.83893 3.50639 2.58012 9.68261 
26.4072 1.2027 4.2058 1.65019 4.21779 2.31308 11.0047 5.01994 3.10011 1.63037 5.08044 2.38871 5.11017 3.00623 7.7753 3.09541 2.55456 9.70035 
26.4427 1.17453 4.20423 1.65697 4.19954 2.32508 10.8133 4.78524 3.01927 1.60325 5.13155 2.36472 5.10443 3.08029 7.67412 3.14287 2.56917 9.92514 
26.1157 1.1568 4.2084 1.66427 4.15521 2.32351 10.7492 4.99282 3.09906 1.54275 5.16128 2.37254 5.082 3.06568 7.83267 3.10845 2.553 9.71964 
26.3426 1.22095 4.18441 1.64393 4.12808 2.30526 10.8274 4.81758 3.04378 1.71173 5.10912 2.3522 5.07679 3.00623 7.88691 3.08289 2.57699 9.9533 
26.4776 1.13125 4.20945 1.6481 4.22822 2.32664 10.7966 4.76959 3.07664 1.65384 5.08618 2.3329 5.14928 3.09958 7.88952 3.0928 2.60046 9.62212 
26.3415 1.1422 4.14842 1.67679 4.16511 2.33238 10.7565 4.95527 3.08394 1.63246 5.2103 2.37567 5.06583 3.02761 7.77478 3.1314 2.55352 9.65236 
26.0851 1.18127 4.1764 1.65272 4.22231 2.34637 10.7467 4.79495 3.05565 1.67203 5.1861 2.37974 5.07136 3.07233 7.82347 3.15995 2.57532 9.57269 
26.2512 1.19587 4.22961 1.65482 4.21709 2.28065 10.6856 4.70994 3.11458 1.61726 5.13394 2.37661 5.07866 3.02696 7.91214 3.11458 2.54089 9.61754 
26.2773 1.18752 4.21605 1.64647 4.18372 2.30308 10.7378 4.67604 3.11301 1.67203 5.12873 2.40843 5.13655 3.04939 7.78697 3.13231 2.55185 9.67334 
27.2687 1.16093 4.16285 1.67985 4.18841 2.29265 11.2223 4.73602 3.07859 1.60631 5.111 2.40425 5.10578 3.01288 7.87406 3.10989 2.64051 9.81833 
26.6565 1.18283 4.22857 1.64804 4.1785 2.31246 11.1404 5.04215 3.09528 1.60892 5.13759 2.39226 5.09744 3.02122 7.79062 3.11041 2.58992 9.91116 
25.8841 1.14267 4.19467 1.67672 4.16077 2.31507 11.2567 4.8398 3.07964 1.65325 5.10369 2.37088 5.12664 3.03322 7.73169 3.13544 2.55915 9.77348 
26.3952 1.21882 4.18684 1.63813 4.20458 2.35523 11.1623 4.71933 3.09632 1.65742 5.05258 2.42772 5.10213 2.91588 7.88866 3.06973 2.5628 9.75261 
25.9769 1.15988 4.21501 1.67359 4.18841 2.30881 11.1967 4.74697 3.05721 1.63865 5.14177 2.35679 5.13499 3.01757 7.79427 3.07077 2.55967 9.6603 
26.0009 1.14945 4.21136 1.65481 4.18424 2.33698 11.2661 4.7235 3.05669 1.70436 5.11569 2.40686 5.09744 3.02018 7.81513 3.06764 2.56906 9.62953 
26.0202 1.1505 4.18986 1.67088 4.11057 2.34209 11.3006 4.73374 3.06856 1.65475 5.18067 2.38225 5.00597 2.9872 7.78196 3.09672 2.58564 9.72666 
26.1542 1.16244 4.22579 1.70377 4.16894 2.32072 11.262 4.83439 3.06856 1.67144 5.10453 2.39581 5.09827 3.05448 7.94519 3.07638 2.55852 9.63957 
16.3467 0.869355 3.41901 1.25266 3.47064 1.77417 8.8959 4.65551 4.45108 1.49151 5.84559 1.96296 6.7306 3.2683 14.1444 3.83883 16.6742 14.621 
20.4906 1.15723 3.9134 1.22502 3.17703 1.66883 7.51599 3.19685 1.98382 1.09726 3.87481 1.69334 3.82475 2.0949 5.76163 2.68838 1.96818 7.11077 
20.792 1.03937 3.98485 1.479 3.99059 1.69803 7.39917 3.12332 2.0052 1.05188 3.24848 1.49829 3.93635 2.11576 5.72095 2.73896 1.94575 7.22916 
16.0317 0.837544 3.09829 1.20364 3.2151 1.66101 7.38248 3.24274 1.98173 0.997125 3.78146 1.70586 3.85343 2.16791 5.73869 2.60911 1.93376 7.04715 
20.7952 1.09204 4.09124 1.45501 4.0443 1.69751 7.47896 3.16765 1.99686 1.02372 3.1932 1.54054 3.82735 2.1507 5.75329 2.6185 1.93949 7.06593 
16.2753 0.868312 3.11914 1.16818 3.19685 1.65371 7.44245 3.34705 2.02919 1.03728 3.84665 1.71003 3.7945 2.18825 5.6834 2.68108 2.00364 7.03098 
20.7962 1.14993 4.12044 1.46023 3.94261 1.65683 7.49461 3.45813 1.99112 1.05605 3.19946 1.6052 3.87429 2.13871 5.75433 2.58408 2.03649 7.12538 
17.5196 0.851625 3.17495 1.1833 3.1713 1.6318 8.06357 4.16842 2.53401 1.25788 4.09854 1.85396 4.08811 2.29568 6.0349 2.69881 2.01042 7.72042 
17.2875 0.902732 3.33505 1.26779 3.31523 1.77835 7.86644 3.29385 2.34105 1.25527 4.06777 1.86179 4.01666 2.3009 6.05055 2.79112 2.09021 7.95718 
21.1651 1.03985 3.66137 1.26409 3.34013 1.73395 7.98764 3.32084 2.49636 1.31467 4.07804 1.83981 4.07491 2.28829 6.06491 2.73886 2.06249 7.73837 
21.1808 1.08887 3.57689 1.29955 3.33127 1.76628 7.92454 3.22123 2.49324 1.31259 4.05718 1.81113 4.03684 2.31854 5.98617 2.76024 2.1308 7.78582 
21.3263 1.08261 3.58054 1.27191 3.34222 1.76628 7.95322 3.34118 2.48229 1.28703 4.05092 1.85859 3.9946 2.32219 6.04144 2.69922 2.05206 7.76548 
21.1557 1.07792 3.63686 1.29381 3.24626 1.76055 7.95843 3.30989 2.49532 1.28286 4.03163 1.82 4.07543 2.34148 6.03571 2.78631 2.09847 7.78634 
21.2126 1.02994 3.69787 1.2693 3.31823 1.74229 7.79782 3.34691 2.48958 1.23749 4.02745 1.83199 4.04362 2.30289 6.11862 2.68567 2.12559 7.85414 
21.2465 1.03828 3.59253 1.26617 3.35839 1.76785 8.08568 3.50284 2.49897 1.25053 4.05979 1.80279 4.00816 2.33522 6.05813 2.76702 2.12246 7.83276 
21.0801 1.03568 3.41992 1.27452 3.31093 1.83147 7.55376 3.3224 2.54747 1.25679 4.03163 1.82208 4.05927 2.35243 6.06752 2.72947 2.08491 7.84162 
21.3456 1.06853 3.54143 1.2813 3.30311 1.75116 7.87604 3.50492 2.51566 1.30007 4.06552 1.808 4.01181 2.30863 6.08525 2.76441 2.06196 7.91828 
21.7356 1.2208 4.26212 1.28338 3.36934 1.78297 7.83641 3.51327 2.51775 1.3178 4.07908 1.79392 4.06552 2.32271 6.01172 2.73573 2.05623 7.73315 
17.8052 1.06384 4.21676 1.60618 3.89343 2.12037 8.33338 3.68744 2.81969 1.68858 5.08034 2.29142 5.60183 2.9996 7.54907 3.43817 3.75837 8.10184 
22.0198 1.9707 5.29519 2.28673 4.97604 2.32271 8.90076 3.96488 4.43943 2.14123 5.36038 2.09273 6.04249 3.05801 6.97367 2.96455 3.74988 8.03008 
17.7763 1.56389 4.35531 1.66661 4.19626 2.14376 8.74346 3.94387 3.47819 1.66818 5.29499 2.30802 5.62039 3.05581 7.27448 3.42553 3.90893 8.13126 
22.1353 2.64385 6.12673 2.71894 4.30524 2.32888 9.47978 4.91328 3.78534 1.98575 5.46812 2.3998 5.6741 2.92283 6.78326 3.41875 3.88703 8.13595 
21.606 1.91744 4.90128 2.00505 5.75753 3.43126 11.1594 5.08067 3.99706 2.16097 4.62021 2.23554 4.64941 2.57293 6.27535 2.83001 2.10256 7.68905 
21.6561 1.22336 4.28282 1.30628 3.34679 1.83557 7.88148 3.28317 2.21363 1.30732 4.03564 1.78603 4.08362 2.34504 6.14864 2.73145 1.9894 7.86479 
22.0414 1.22806 4.02626 1.27186 3.37964 1.77612 7.96282 3.29933 2.23918 1.2849 4.07163 1.85069 4.06954 2.32575 6.01722 2.75492 2.06032 7.77197 
21.9778 1.04398 3.96838 1.26143 3.2889 1.76726 7.76206 3.26961 2.259 1.22545 4.01479 1.85382 4.10604 2.31845 6.00575 2.72884 2.09839 7.91902 
21.9726 1.28542 3.73424 1.26925 3.35826 1.74848 7.83611 3.3035 2.49575 1.19938 4.04972 1.83348 3.9981 2.1448 5.70539 2.6063 1.99045 7.12274 
20.7169 1.18947 4.08519 1.3287 3.16688 1.66609 7.50185 3.10743 2.00505 1.07631 3.85209 1.6979 3.89068 2.17035 5.6595 2.6986 1.95238 7.17176 
20.7315 0.99757 4.11856 1.44968 4.02574 1.67809 7.47421 3.1043 2.0014 1.00591 3.21329 1.59152 3.85626 2.20946 5.63916 2.684 1.95863 7.17071 
16.3543 0.809319 2.76587 1.05702 2.93952 1.45333 6.66385 2.57866 1.72241 1.03981 3.21955 1.51747 3.23832 1.92266 4.88981 2.12446 1.67548 7.1874 
16.7219 0.885454 3.08761 1.24579 3.19817 1.78134 7.89973 3.26022 2.20685 1.29846 4.03512 1.78082 4.0433 2.35328 6.08116 2.74334 2.06703 7.81548 
22.0818 1.09139 4.11945 1.34795 3.33206 1.80109 8.02875 3.41236 2.2438 1.33387 4.11215 1.82664 4.03185 2.32306 6.0509 2.84555 2.03365 7.79567 
21.5505 1.12946 4.17264 1.495 3.38994 1.78283 7.98547 3.44313 2.16558 1.18525 4.04905 1.85949 4.03602 2.35486 6.2527 2.72614 2.08632 7.84103 
21.5202 1.06324 4.12988 1.51272 3.41914 1.79952 7.91664 3.79772 2.08945 1.19568 4.06261 1.85792 4.00265 2.35434 6.08114 2.75065 2.13221 7.81444 
21.9707 1.09296 4.11632 1.43034 3.33571 1.81464 8.04231 3.29504 2.14524 1.31562 4.06261 1.85062 4.11006 2.35904 5.48043 2.2026 1.69992 7.42544 
17.8836 0.912536 3.31955 1.28954 3.07916 1.60502 6.98377 2.65835 1.87878 0.994404 3.08854 1.53671 3.44939 2.11291 5.23535 2.27195 1.79222 7.49375 
17.2136 0.800424 2.95297 1.12737 2.87058 1.60815 7.1037 2.68181 2.1004 1.11225 3.45773 1.63944 3.41758 2.07641 5.26716 2.71623 2.04669 7.93281 
21.5359 1.0721 4.17055 1.4757 3.36283 1.78492 7.99434 3.23716 2.15724 1.15866 4.10328 1.87148 4.07096 2.32931 6.13694 2.82626 2.08371 7.80349 
21.6454 1.09035 4.15543 1.3688 3.31694 1.78075 7.93281 3.33675 2.15463 1.29685 4.02715 1.8767 4.07356 2.34026 6.11868 2.7204 2.0738 7.82487 
21.3518 1.04186 4.11684 1.4465 3.25854 1.76824 7.88536 3.27209 2.13586 1.22332 4.06991 1.80213 4.05166 2.35904 5.62122 2.25787 1.76511 7.28882 
16.6911 0.874471 3.33206 1.26034 3.23403 1.76928 7.95679 3.60634 2.47636 1.26712 4.04332 1.85219 4.02298 2.19687 5.74168 2.69537 1.96378 7.17566 
16.2536 0.822846 2.95349 1.06115 2.71623 1.47622 6.5494 2.58743 1.76302 0.923487 3.20587 1.48352 3.22673 1.91737 4.85991 2.05972 1.66238 6.93371 
17.6441 0.88537 3.16562 1.24727 3.16143 1.70821 7.49244 3.17291 1.98874 1.01992 3.25998 1.54135 3.22296 1.89644 5.47241 2.66555 2.03149 7.18166 
20.2946 1.00323 4.13755 1.36511 3.22661 1.68631 7.52841 3.14579 1.99969 1.0267 3.26989 1.53718 3.25477 1.93972 4.92908 2.13839 1.68422 7.00125 
17.762 0.82751 3.21253 1.22901 3.2068 1.6691 7.41787 3.28918 2.08885 1.1435 3.49828 1.61487 3.41485 2.07686 5.91667 2.74377 2.04974 7.94869 
17.1723 0.909896 3.38356 1.28324 3.27146 1.80206 7.91636 3.31838 2.3261 1.29158 4.09271 1.84691 4.06664 2.3188 5.98602 2.7907 2.05548 7.70361 
22.057 1.29211 4.2945 1.42924 3.32673 1.81406 7.91219 3.32986 2.43821 1.33069 4.0901 1.84013 4.12869 2.3334 6.16227 2.84857 2.07738 7.76567 
21.4511 1.08979 3.86015 1.28324 3.35384 1.78381 7.98936 3.51653 2.46532 1.31088 4.08958 1.85212 4.11982 2.30003 6.12889 2.73855 2.10084 7.87934 
20.9693 1.09813 3.66253 1.25665 3.30326 1.76452 7.9174 3.455 2.53259 1.23996 4.08332 1.80259 4.13442 2.33288 6.04807 2.7031 2.07373 7.95703 
21.1675 1.02565 3.63229 1.2483 3.26833 1.75722 7.80947 3.54312 2.47992 1.32078 4.07654 1.85994 4.11044 2.36782 6.05642 2.77036 2.09042 7.84805 
14.3232 0.787881 3.06966 0.979247 2.73073 1.36198 7.02002 3.14423 3.46751 1.18156 5.29617 1.59506 5.28366 2.22703 12.5607 3.12233 17.0445 13.673 
18.9764 0.905204 3.72927 1.30097 3.89821 1.76921 6.54291 3.1849 1.86047 1.04078 2.98154 1.73115 3.08165 2.12274 5.18302 2.47367 1.71916 6.01626 
14.0067 0.776411 2.78079 0.949525 2.50443 1.29888 5.69663 2.44082 1.56533 0.932318 2.59985 1.36771 2.93357 1.77026 4.32527 1.92043 1.47878 5.62415 
14.5709 0.774846 2.90698 1.107 2.60402 1.3213 5.70706 2.52685 1.54083 0.928146 2.59985 1.23214 2.76202 1.81143 4.42358 1.98398 1.48916 5.51393 
14.4916 0.784726 2.89228 1.08975 2.87976 1.43649 5.6568 2.53667 1.50897 0.878581 2.57421 1.33534 2.53146 1.72744 4.30009 2.01839 1.42919 5.52436 
14.7758 0.785768 2.91574 1.10957 2.90844 1.48394 5.94827 2.46263 1.52409 0.957313 2.58256 1.28893 2.54293 1.69198 4.12176 1.99545 1.47351 5.51602 
15.3858 1.01363 2.89853 1.09914 2.90687 1.44066 6.43267 3.85741 2.10859 1.26338 3.48304 1.72118 3.48981 1.99701 4.99409 2.56587 1.79731 5.94254 
18.0784 0.930721 3.7354 1.32178 3.62382 1.44588 6.43475 3.01064 1.78949 0.94897 2.9173 1.42033 3.26144 2.02308 5.03841 2.41883 1.74882 5.89822 
14.2147 0.770648 2.84639 0.94115 2.48714 1.33221 5.6422 2.4668 1.5074 0.884315 2.5179 1.3004 2.8928 1.76394 4.27245 1.96155 1.44275 5.62917 
14.1955 0.708078 2.82084 1.03344 2.59976 1.23418 5.32571 2.4084 1.47455 0.833739 2.36513 1.18673 2.40423 1.53399 4.06858 1.89586 1.35828 4.98835 
14.6063 0.755005 2.87038 1.02405 2.79946 1.41146 6.10626 2.99134 1.6779 1.05377 2.74002 1.31657 2.7322 1.63359 4.02895 1.97042 1.46465 5.45762 
13.1578 0.72737 2.84013 0.981298 2.36356 1.21489 5.28817 2.32394 1.44588 0.835824 2.44334 1.14659 2.52051 1.60439 4.05085 1.95008 1.3197 4.92526 
14.4655 0.71225 2.82293 1.02927 2.81406 1.39582 6.13442 2.97727 1.63359 0.939064 2.71604 1.42919 2.70822 1.76446 4.06076 1.87969 1.38174 5.20578 
13.7079 0.685658 2.88706 0.999026 2.48818 1.2029 5.32675 2.42926 1.40729 0.87858 2.38077 1.16275 2.37764 1.57675 4.0519 1.90055 1.39582 4.91431 
14.6392 0.74197 2.95641 1.06525 2.94963 1.44066 5.9149 2.43969 1.52878 0.876494 2.55127 1.25087 2.53824 1.67895 4.0837 1.98397 1.46152 5.50716 
15.4468 0.771169 2.93399 1.04595 2.9246 1.43545 6.49106 3.17644 1.70711 1.00945 2.87611 1.43023 2.85578 1.74621 4.31469 2.05436 1.73213 5.88518 
18.9043 0.919772 3.79067 1.29623 3.78076 1.7509 6.5406 3.5894 2.46524 1.01988 3.43872 1.39739 4.02217 2.22487 5.65785 2.70144 2.71291 6.18865 
14.1131 1.14294 3.29846 1.0204 3.20095 1.60022 5.99051 2.49131 2.46837 1.16223 3.94657 1.61846 3.63216 2.02465 4.76832 2.37451 2.1258 5.96652 
12.9687 0.820676 3.02253 1.01881 3.06215 1.73312 7.07272 3.19042 2.6539 1.23883 3.79315 1.77691 3.77646 2.03136 4.33488 2.19507 2.15805 5.64775 
13.0849 0.867601 3.16278 1.25552 3.21336 1.73468 7.03883 3.35465 2.44221 0.988565 3.27957 1.65439 3.5825 1.98704 4.77546 2.28371 2.40832 5.80625 
13.8305 0.734125 2.98916 1.05843 2.95527 1.67524 8.63639 4.38389 2.85568 1.4062 4.33331 1.85773 4.31454 2.29101 5.51845 3.10908 3.14558 6.23797 
13.7268 0.767494 2.69092 1.14029 3.23838 1.389 6.10397 2.81814 2.40311 1.2576 3.8286 1.69558 3.65706 1.81654 4.9423 2.20081 2.25555 5.66444 
14.4911 1.12674 3.36665 1.30714 3.1461 1.70705 6.41837 3.69408 2.37913 1.36553 3.81192 1.82697 3.55383 2.22114 6.06956 3.00689 2.17787 6.41316 
15.2294 0.806077 2.70865 1.03445 2.62835 1.4281 5.9877 2.60072 1.65595 1.03341 3.06372 1.5767 3.17894 1.97348 4.71497 2.07828 1.62675 6.32817 
15.3035 0.832668 2.79051 1.00629 2.59967 1.41194 6.10762 2.56683 1.69923 0.96458 2.99124 1.46356 3.24933 1.95627 4.5768 2.04387 1.54646 6.26404 
14.8764 0.816505 2.86976 0.981265 2.64817 1.42549 6.11388 2.65964 1.61632 0.99795 2.96361 1.59391 3.15496 2.08454 4.74521 2.13459 1.6158 6.4726 
14.0735 0.959888 2.89322 0.956238 2.46776 1.36605 5.69624 2.51573 1.52977 0.940596 2.64452 1.28576 2.95579 1.77639 4.42508 2.01467 1.44218 5.59405 
14.5005 0.783657 2.93754 1.13195 2.57048 1.30401 5.62794 2.53763 1.51935 0.900449 2.5637 1.27898 2.75505 1.83844 4.45376 1.98182 1.48962 5.68686 
14.7419 0.773229 3.01106 1.10796 2.95005 1.82957 6.4726 3.65029 2.13772 1.13508 3.68053 1.42654 3.54027 2.29831 5.66235 2.56266 1.76805 5.93191 
14.0146 0.762279 2.86194 0.936947 2.54128 1.31079 5.70093 2.40676 1.5475 0.913484 2.63774 1.31756 2.95057 1.75501 4.32966 1.98756 1.47294 5.65713 
14.4426 0.736209 2.90886 1.05947 2.95527 1.44218 7.6838 3.94539 2.21228 1.26803 3.48396 1.60955 3.50586 2.08923 5.07421 2.49487 1.76857 6.06852 
14.0704 0.75863 2.95579 0.947374 2.50739 1.27377 5.72596 2.39894 1.58348 0.894714 2.58664 1.30192 2.88384 1.76066 4.30339 1.95674 1.43535 5.4484 
14.6252 0.765383 2.92284 1.06465 2.95152 1.46872 5.66842 2.51721 1.52451 0.925967 2.52608 1.30918 2.55579 1.70856 4.34569 2.00261 1.4755 5.65069 
15.0011 0.784674 2.92024 1.05736 2.97759 1.46455 5.98594 2.44109 1.53442 0.912932 2.54745 1.2633 2.64912 1.63869 4.04589 1.99948 1.46716 5.54433 
15.707 0.768511 2.92754 1.05944 2.94683 1.46611 6.44945 3.17675 1.78311 1.04484 2.93171 1.43588 2.95517 1.73202 4.2998 2.03807 1.74766 5.93067 
19.255 0.921275 3.70804 1.3097 3.76487 1.72732 6.52765 3.13348 1.77529 1.09489 2.89886 1.39416 2.88635 1.98228 5.03026 2.42128 1.82534 5.87019 
14.1987 0.765383 2.91711 1.05527 3.05267 1.71168 7.82953 3.99063 2.14703 1.1267 3.50835 1.65746 3.47238 2.01043 5.01201 2.59281 1.72837 6.05893 
14.3634 0.762776 2.90512 0.907719 2.51565 1.28259 5.6752 2.48541 1.56883 0.917104 2.55371 1.2852 2.88791 1.81179 4.32014 1.97133 1.47393 5.58291 
12.5835 0.656936 2.50314 0.929617 2.44787 1.34411 6.42807 3.25496 1.75913 1.03702 2.92232 1.42128 3.02347 2.08864 5.11837 2.44683 1.74818 6.01827 
14.5318 0.735664 2.88531 0.946301 2.52347 1.28676 5.68667 2.54954 1.50835 0.906154 2.54641 1.37957 2.84412 1.91294 4.35976 2.04015 1.48593 5.51044 
14.4776 0.774246 2.94422 1.06935 2.93484 1.44422 7.62567 3.9729 2.13348 1.22993 3.58708 1.57769 3.48124 2.0146 5.06467 2.45726 1.76799 6.00471 
14.4005 0.782066 2.85089 0.936916 2.53181 1.33212 5.71795 2.54849 1.56674 0.973934 2.58968 1.35245 2.90095 1.74557 4.38583 1.94578 1.44995 5.50523 
14.6257 0.743485 2.96143 1.08134 2.86289 1.30501 5.67363 2.45152 1.512 0.940566 2.51773 1.31075 2.54797 1.7779 4.32796 1.98853 1.48645 5.6924 
12.5913 0.684569 2.50366 0.94578 2.50366 1.30553 6.42494 3.32691 1.77581 1.07404 2.87384 1.40251 2.90251 1.94422 5.11107 2.5292 1.74714 5.85507 
14.0282 0.766426 2.84933 0.944737 2.46977 1.32326 5.68302 2.40616 1.57143 0.869658 2.60741 1.31022 2.9682 1.84203 4.33213 2.01043 1.54536 5.53182 
14.4109 0.859752 2.94526 1.08603 2.85611 1.33629 5.68511 2.57144 1.54067 0.87383 2.62722 1.35871 2.64912 1.82847 4.35298 1.93275 1.44213 5.60429 
12.6149 0.689239 2.50983 0.937929 2.47907 1.33468 6.3872 3.09845 1.77211 0.959305 2.90763 1.37587 2.90607 2.07033 5.13541 2.45718 1.78306 5.96855 
14.108 0.772136 2.93996 1.10112 3.002 1.7476 7.92835 3.91595 2.12455 1.25492 3.46758 1.6548 3.50668 2.11673 5.11143 2.45874 1.75907 5.93831 
14.2108 0.775265 2.87583 0.940014 2.51348 1.30445 5.68962 2.47334 1.54844 1.04168 2.52912 1.3326 2.87948 1.79296 4.32417 1.97596 1.46555 5.60151 
14.4641 0.76953 2.93683 1.10164 2.90503 1.34772 5.6672 2.43945 1.56773 0.970254 2.59064 1.28568 2.59951 1.71424 4.31583 1.98065 1.45668 5.67867 
