94.5397 308.48 270.806 479.395 394.316 2592.67 1222.41 251.009 
69.5391 248.163 35.3297 49.9148 35.4812 130.946 56.3837 14.2752 
69.4798 247.833 35.4516 49.8653 35.5521 127.178 56.3805 14.3242 
69.923 248.012 35.5469 49.8033 35.6614 126.812 56.3212 14.2679 
69.4693 247.906 35.6479 49.6726 35.5745 126.905 56.4446 14.308 
69.461 247.793 35.4422 50.0262 35.5364 126.845 56.381 14.2674 
69.5501 247.625 35.4219 49.972 35.5338 126.557 56.1561 14.146 
69.5719 247.822 35.2432 49.7507 35.487 126.93 56.3435 14.133 
69.9292 247.556 35.3557 49.8887 35.564 126.987 56.2227 14.1622 
69.485 248.319 35.5073 49.5637 35.6692 126.761 56.1196 14.2012 
69.3443 247.686 35.3495 49.6492 35.4797 126.484 56.0082 14.1825 
69.5516 247.479 35.3833 49.6538 35.5765 127.073 56.4941 14.2945 
69.749 247.977 35.4406 49.7835 35.5026 126.648 56.2883 14.1497 
69.8735 247.913 35.5849 49.8674 35.5292 127.066 56.1493 14.2622 
69.5865 247.297 35.5875 50.1559 35.5177 126.562 56.2774 14.2137 
69.5881 247.648 35.3375 50.0226 35.6791 126.658 56.356 14.244 
69.6053 247.843 35.5901 49.6465 35.5208 126.966 55.9821 14.2393 
69.8141 247.468 35.5375 49.8715 35.5833 126.284 56.2889 14.2273 
69.5745 248.022 35.3557 49.9507 35.5156 126.747 56.279 14.2429 
69.8766 247.827 35.4979 49.7971 35.5953 127.079 56.4649 14.1721 
69.7678 247.994 35.4458 49.7596 36.0015 127.092 56.2826 14.2924 
69.4225 248.07 35.2443 49.8184 35.45 126.814 56.5107 14.1861 
69.4365 247.893 35.3943 49.8481 35.6349 126.367 56.1675 14.2455 
69.4428 249.094 35.7161 49.782 35.6416 126.831 56.3925 14.1841 
69.3563 248.017 35.4604 49.8408 35.551 126.83 56.3972 14.1971 
69.6068 247.966 35.3479 49.8314 35.6724 127.111 56.53 14.2809 
69.7042 248.043 35.5078 49.9163 35.5969 126.873 56.5472 14.246 
69.3746 247.575 35.4656 49.8767 35.2802 126.391 56.0149 14.3111 
69.4631 248.194 35.3333 49.8017 35.5193 126.694 56.3691 14.2549 
69.436 247.795 35.3198 50.2809 35.5896 126.869 56.3659 14.2132 
69.6225 247.869 35.55 49.8497 35.3792 126.845 56.1816 14.1976 
69.3818 248.291 35.399 50.033 35.5578 126.732 56.5284 14.208 
69.699 247.82 35.6 49.7205 35.5573 126.452 56.4691 14.2773 
69.4647 248.099 35.4338 49.9517 35.5109 126.541 56.3071 14.221 
69.7829 248.134 35.2833 49.7762 35.4896 126.888 56.3665 14.2361 
69.7079 248.007 35.4734 50.0549 35.4823 127.004 56.2347 14.283 
69.6318 248.111 35.5739 49.9252 35.6604 127.037 56.4368 14.3429 
69.5162 248.654 35.6219 49.8783 35.5646 127.121 56.6237 14.1757 
69.5037 248.458 35.5318 50.0814 35.7911 127.072 56.2811 14.1778 
69.4089 250.173 35.8364 50.1023 35.9161 128.782 56.2706 14.207 
87.9662 252.417 35.3583 49.9278 35.5266 127.14 56.3633 14.2028 
69.612 249.36 35.7135 49.9195 35.6458 127.393 56.5237 14.2736 
69.8662 249.458 35.6172 49.7903 35.612 127.057 56.5045 14.4387 
69.6344 247.904 35.3693 49.9637 35.7276 127.188 56.7446 14.246 
69.5771 249.825 35.8895 50.2387 35.9151 127.433 56.4529 14.3059 
69.5433 248.771 35.4891 49.9226 35.3745 127.148 56.342 14.2101 
69.8329 250.149 35.8265 50.1918 35.6844 126.832 56.2321 14.3294 
69.899 250.349 35.8901 50.2632 35.9411 127.452 56.3904 14.2398 
69.4855 249.565 35.5437 49.9465 35.4859 127.112 56.4399 14.2283 
69.5636 248.154 35.5599 49.9747 35.4687 126.984 56.5758 14.283 
39.7773 157.642 225.826 380.849 279.875 1707.69 764.093 193.392 
36.9384 128.364 18.6463 26.1505 18.8822 57.4305 25.4282 6.64596 
38.4644 129.296 19.5004 27.2286 19.7254 57.3977 25.4016 6.66732 
37.8051 128.447 18.7109 25.9068 18.6541 59.3559 25.0574 6.41993 
37.2577 128.961 19.0812 26.2823 19.2687 59.0564 25.3152 6.95584 
37.2994 128.47 18.7687 25.8105 18.876 59.7704 24.8855 6.49024 
37.2093 129.258 19.0369 26.3068 18.8546 59.2168 25.1152 6.74439 
37.0192 129.171 18.9239 26.3453 19.1525 57.9747 25.1709 6.44337 
37.3827 129.093 19.0556 26.3682 19.2129 59.2788 25.1027 6.80064 
37.0009 128.158 18.813 26.2026 18.7473 59.147 25.1845 6.54857 
36.6301 128.373 18.7775 26.224 18.7604 60.4511 25.1928 6.4517 
37.4686 129.542 19.2739 26.4724 19.2937 56.8154 25.337 6.8147 
37.6207 129.156 19.2796 26.55 19.2473 59.1517 25.7282 6.58815 
36.6025 129.391 19.1025 26.4729 19.0546 59.3147 25.1141 6.76106 
37.0978 129.29 19.0437 26.5042 19.1041 59.271 25.2532 6.39389 
37.0228 129.524 19.2786 26.4792 18.8916 59.5126 25.3079 6.6819 
36.8963 128.85 19.2098 26.5771 19.4546 59.8355 25.0162 6.52566 
37.1702 129.268 19.2124 26.4797 19.2275 56.9367 25.0001 6.56211 
37.2051 128.576 18.7197 26.0375 18.7531 58.8872 24.9178 6.44181 
35.8672 128.184 19.1072 26.4177 19.1353 58.7887 24.9886 6.76679 
37.2259 129.615 18.9619 26.2787 19.2129 59.1809 25.0626 6.86782 
36.2333 128.81 18.8692 26.6068 19.4228 58.1044 25.2631 6.647 
37.9144 128.944 19.0067 26.1636 19.1291 56.9893 25.1516 6.92668 
36.7749 128.673 18.9822 26.4781 19.028 58.7017 25.0579 6.4241 
37.1754 129.224 19.0093 26.4224 19.2145 57.5487 24.9464 6.51472 
35.8317 127.329 18.7864 26.0266 18.8093 59.8043 25.1933 6.41993 
36.2473 127.704 18.714 26.1047 18.8525 59.6277 25.1365 6.56211 
37.291 127.802 18.7161 26.0922 18.6796 60.5287 25.2735 6.57618 
37.1645 129.049 19.0463 26.2823 19.2135 60.061 24.9725 6.57097 
36.1036 127.457 18.8838 25.961 18.6885 58.8049 25.1886 6.54076 
35.9854 128.045 18.9671 26.3839 19.2041 51.3517 22.7393 6.00694 
37.2369 128.052 18.6354 26.136 18.763 58.4221 25.0522 6.41525 
35.7713 127.284 18.7067 25.9407 18.8296 58.6393 25.2621 6.53243 
36.5921 128.251 18.8036 25.9896 19.0374 56.2633 25.0641 6.68294 
37.7738 129.863 19.415 26.475 19.0989 59.7631 24.6939 6.55847 
37.1041 128.474 18.815 26.0917 18.8525 59.8913 24.7449 6.57357 
37.6144 129.647 19.0359 26.5547 19.0187 58.9616 24.9631 6.86105 
36.8983 127.589 18.8072 26.0354 18.9124 59.2215 25.1584 6.41108 
36.8379 128.198 18.7218 25.9907 18.9124 60.949 25.3147 6.54076 
36.5489 127.981 18.9687 25.9641 18.651 60.547 24.9839 6.57618 
36.6333 128.773 19.0859 26.4203 18.9624 59.0658 24.9006 6.70429 
37.1697 128.355 18.7531 26.1349 18.7577 58.1002 24.786 6.28036 
35.9526 129.014 19.3598 26.4542 19.4301 51.885 23.4606 5.96475 
37.2582 127.963 18.7536 26.124 18.84 58.972 25.0527 6.69856 
35.6318 128.449 19.2249 26.3927 19.1655 58.7517 25.1834 6.39754 
37.5415 129.752 18.9322 26.2448 19.002 55.8165 25.11 6.65482 
37.2207 129.177 19.0312 26.4547 18.8994 60.0329 25.3438 6.75533 
37.5832 128.303 18.8062 26.0979 18.8192 59.4767 24.9605 6.45951 
36.9171 129.141 18.8708 26.512 19.0385 57.5081 25.448 6.65377 
37.3139 128.143 18.7385 26.024 18.8119 58.9064 25.2162 6.40379 
26.9297 100.02 298.69 490.689 291.134 1757.76 791.204 139.525 
25.9328 84.3695 13.6758 17.6698 13.007 37.3077 12.6534 3.75082 
26.6297 83.8247 14.5116 18.3859 12.9617 37.9123 12.856 3.89664 
26.3479 87.8453 12.3654 16.1563 12.4243 38.1139 12.8919 4.12944 
26.4859 83.9023 14.1549 19.3645 13.9112 38.48 12.968 3.9206 
27.9051 88.6385 13.9169 18.9109 14.146 38.5279 13.0758 4.02112 
26.187 83.2206 12.7935 16.2168 12.2066 38.2035 12.8013 3.96904 
25.085 83.0352 12.4357 16.2157 12.3342 38.0097 12.5138 4.06226 
25.4933 83.029 12.6774 16.3475 12.5779 38.4779 12.5274 4.04091 
27.0328 85.0929 14.1075 19.1697 15.022 38.8675 12.4654 4.08674 
27.1885 84.6388 14.3169 18.9978 14.8278 38.804 12.6336 3.77374 
25.761 84.0404 12.8477 16.6058 12.6899 37.5988 12.8508 3.97789 
26.2214 83.1352 13.9841 18.4723 12.9669 37.9097 13.1753 3.96018 
25.8282 83.3357 12.479 16.1839 12.393 38.5368 12.9466 4.04195 
25.6313 83.4925 12.555 16.4079 12.5852 38.317 12.6071 3.77947 
25.4021 83.6758 12.855 16.4839 12.6711 38.2024 12.3758 4.04455 
25.9469 84.0445 12.6118 16.3772 12.5034 38.3243 12.3685 3.89092 
26.088 83.7659 13.7153 18.7411 12.993 38.3222 12.6263 3.80342 
25.8042 83.4477 14.0382 18.6984 13.5315 38.3733 12.631 3.88779 
25.2355 83.7675 14.0523 18.765 13.1274 38.3363 12.4097 4.06955 
26.6349 88.5812 14.0424 18.5906 13.5029 38.1858 13.7159 4.10861 
25.2068 83.2847 13.7711 18.3661 13.1367 38.167 12.4638 3.93675 
25.3818 83.1389 12.4201 16.1339 12.3935 37.9264 12.4821 3.88258 
25.8219 83.6445 12.8237 16.2834 12.6164 38.2097 12.8357 4.00966 
25.7974 82.6774 12.5888 16.4074 12.567 38.3144 12.6461 4.11122 
26.4719 85.3736 12.8612 16.536 12.5571 38.4509 13.5627 3.95237 
26.3917 88.3063 12.7029 16.3605 12.531 37.9467 12.281 4.06434 
25.2449 82.4201 13.6799 17.5542 13.2513 38.1498 12.6315 3.68937 
27.3385 85.133 15.1033 20.1983 15.6569 38.8607 13.4815 3.81123 
27.126 85.2132 12.694 16.324 12.5691 38.3899 12.8545 3.92425 
26.0985 83.8893 13.0508 16.3787 12.7336 38.0847 12.2253 3.85029 
25.9797 84.2034 14.7502 18.9228 14.2648 38.1451 12.2857 3.69353 
25.9453 86.4308 14.1325 18.538 14.5231 38.4342 12.7607 4.02632 
25.6198 83.718 14.2721 18.6494 13.1737 38.3337 12.3118 3.83311 
25.8532 83.7232 13.6575 18.3979 14.5314 38.6055 12.2373 4.10757 
25.2095 83.5196 13.9325 18.5677 13.4232 38.393 13.194 3.9982 
25.2641 83.4644 12.9576 16.2266 12.3904 38.228 12.9711 3.85811 
25.3766 82.7269 12.4461 16.1339 12.5836 37.9353 12.6972 3.7253 
25.3397 82.9894 12.9086 16.047 12.2488 38.3102 12.556 4.08778 
26.0677 84.7002 13.8075 18.3046 12.9466 37.0025 12.9336 3.62843 
25.3615 82.8597 13.6372 18.4125 13.1987 38.2655 12.6737 3.75447 
25.3949 83.681 12.8081 16.4126 12.906 38.3097 12.7742 4.00081 
26.3177 84.9216 13.0091 16.9719 13.1987 38.1816 12.9956 4.23569 
26.7031 84.2268 12.4888 16.4673 12.4941 38.3946 12.9904 3.9206 
25.3641 83.7242 14.3054 20.3092 15.8069 38.7633 12.6758 3.71072 
26.2073 84.093 14.4731 18.8807 14.2997 37.3483 12.88 4.03622 
25.9714 83.8675 12.8518 16.4501 12.7571 38.3957 12.9154 3.85811 
27.0968 86.1382 13.5534 17.0813 12.7284 38.379 13.4935 4.01174 
27.389 84.6726 14.1309 18.7921 13.5435 38.2915 12.3623 3.93727 
26.688 84.6049 13.7429 18.3406 13.9804 38.3894 12.7039 3.95393 
22.4216 54.7619 275.926 447.33 289.353 1628.43 704.167 171.571 
22.0758 63.6077 11.7009 14.5226 11.341 27.1005 11.167 3.2196 
21.0258 66.7153 11.5613 13.782 10.1286 26.6396 10.7697 2.88473 
22.7778 65.342 10.228 13.3643 9.66453 26.6651 10.7806 3.00868 
22.0221 67.5127 10.3739 13.3924 9.67495 26.5849 10.9764 2.89045 
22.4857 64.8524 10.5056 13.4232 9.85098 26.6729 10.9994 3.1243 
22.682 63.5187 9.38851 12.9117 9.53121 26.8125 10.9796 2.91806 
21.3388 63.4202 9.52288 13.1852 9.38538 26.7724 10.9728 2.78734 
22.357 64.14 9.74995 13.3726 9.66974 26.6036 10.8145 2.9993 
22.2013 64.2915 10.0692 13.5299 9.63433 26.7739 10.802 2.97847 
21.9409 66.557 9.66349 13.9518 10.013 26.7099 11.0384 2.99774 
21.1243 63.5884 10.3051 13.0591 9.3307 26.5458 10.8863 2.99618 
21.3842 65.2347 9.64995 13.4398 9.63537 26.6755 10.7603 2.97483 
21.9867 64.0145 9.6812 13.4154 9.61922 26.5568 10.8488 2.98576 
21.6888 62.6765 9.28174 12.9904 9.31247 26.4224 10.9046 2.88212 
20.9363 62.8916 9.31976 12.8779 9.22498 26.186 11.0103 2.904 
20.6269 63.4963 9.87442 13.0628 9.65881 27.0817 11.1983 3.24981 
21.7695 66.4325 10.2937 13.944 10.2718 26.7719 11.1712 3.33678 
22.0284 65.13 10.8504 14.3309 11.367 26.8937 11.2051 3.02638 
21.4649 62.9312 9.57756 13.0102 9.27706 26.5458 10.7905 2.87223 
20.9175 63.289 10.0228 13.5252 9.71141 26.438 10.7051 3.00295 
22.2325 67.3314 11.1462 15.6027 10.1161 27.0099 11.1577 3.35032 
22.9981 64.0733 11.7066 13.4279 9.6911 26.437 10.8311 2.98368 
22.1518 64.0327 10.0218 13.3227 9.68901 26.5854 10.7671 2.98628 
22.4153 64.1493 9.70203 13.3982 9.71245 26.5792 10.816 2.89618 
22.2888 64.1473 10.2853 13.4659 9.69474 26.5823 10.8801 2.91962 
22.5778 64.2311 10.0973 13.3523 9.61975 26.6161 10.8931 2.88368 
21.8279 65.356 9.55569 13.0018 9.29216 26.5443 10.7129 2.88629 
20.9748 63.1338 9.74057 13.3237 9.68537 26.6641 10.8233 2.88785 
22.4763 66.9903 9.68433 13.3315 9.7088 26.6297 10.7259 3.01336 
21.3123 63.7025 9.80567 12.9097 9.28227 26.4781 10.7686 2.93212 
19.9374 64.5337 9.36507 12.9753 9.50725 26.3854 10.7421 3.65343 
21.9143 64.0905 9.70984 13.3419 9.66297 26.6177 10.7952 2.99618 
21.9227 64.2072 9.70984 13.4544 9.64006 26.5781 10.791 2.8441 
22.4336 63.8686 9.63016 13.4315 9.64683 26.5443 10.8155 3.00034 
20.9425 62.839 9.37236 12.994 9.26195 26.5677 10.8941 2.87431 
20.9915 62.3531 9.41559 12.969 9.28695 26.7141 10.8869 3.05607 
20.8602 63.2655 10.1161 12.843 9.44788 26.7073 11.2134 3.08523 
20.9571 65.1295 11.5879 14.6731 11.6389 26.6088 11.2144 3.30293 
22.3492 64.2749 11.8248 14.5398 11.0905 26.8927 11.1738 3.26908 
20.0629 64.1931 9.96296 13.093 9.32601 26.5542 10.9082 2.91077 
21.4513 65.9466 9.6911 13.5143 9.64735 26.7708 10.7936 2.99722 
21.9534 64.0332 9.70724 13.7226 9.86192 26.4469 10.9764 3.12586 
21.4269 63.4176 9.88015 13.0341 9.39268 26.7687 10.9327 2.89983 
22.0872 65.5409 9.72338 13.5768 9.59319 26.8146 10.9197 2.80713 
21.6925 64.3275 9.85723 13.4482 9.69891 26.6047 10.9478 2.98628 
21.5435 62.7885 9.3333 12.7951 9.32653 26.6641 10.9035 2.87952 
21.1019 63.0661 9.32862 13.0133 9.75984 26.6516 10.8613 2.88733 
22.3857 64.1165 9.65881 13.5435 9.73641 26.7083 10.7593 2.81338 
22.3607 64.1572 9.81505 13.431 9.67495 26.6578 10.8436 3.03055 
100.075 209.777 171.299 217.513 169.34 1097.62 471.609 80.6161 
39.6169 114.668 18.5864 25.6063 17.9568 40.1216 17.7453 4.48619 
33.1475 118.41 18.3546 25.5292 17.7755 40.4747 17.8151 4.49401 
38.7774 122.489 18.7161 25.0407 17.7557 40.644 17.9604 4.51536 
33.9027 119.611 18.7499 25.7167 17.3271 31.9315 11.0478 2.8165 
35.124 115.827 19.0124 25.9094 17.7156 40.6518 17.937 4.41849 
38.9201 119.606 18.8624 25.9198 17.4495 40.6085 17.6479 4.45651 
33.8819 123.083 18.4296 25.7344 17.6891 40.7408 17.9536 4.55077 
33.8418 124.513 18.7593 26.2354 17.4068 40.3252 17.8391 4.48932 
39.4779 121.3 18.7604 25.5959 17.6109 40.9544 17.9812 4.54609 
33.8209 120.93 18.8593 25.8912 17.7031 31.2049 10.84 2.76911 
34.2318 118.885 18.7187 26.4516 17.7479 40.3388 17.8703 4.51848 
39.3164 121.751 18.8885 26.1255 17.8406 40.6138 17.9474 4.55077 
39.2164 124.317 18.6328 25.8412 17.6698 40.4278 17.8917 4.54817 
38.9883 119.176 18.526 26.0808 17.7437 40.583 17.876 4.53254 
35.4359 126.902 18.863 26.3849 17.5734 49.8986 22.0779 5.74445 
40.7882 117.719 18.5677 26.0459 17.9765 40.4429 17.8219 4.51744 
34.1881 119.516 18.6614 25.6188 18.1078 32.0648 10.9181 2.79098 
34.9433 119.772 18.6177 25.7282 17.6714 40.533 17.8422 4.52057 
33.5183 119.015 18.8489 26.2417 17.7312 40.0919 17.8729 4.51796 
40.356 120.7 18.8916 26.1089 17.6615 40.4961 18.0068 4.53984 
39.7253 121.984 18.9395 26.0849 17.7359 32.0549 11.027 2.6712 
34.8641 115.553 18.4114 25.9172 18.0411 40.2039 17.6177 4.49036 
39.2888 115.2 18.6546 26.2896 17.9531 40.5565 17.8115 4.50807 
33.6704 124.236 18.6359 25.4839 17.6896 40.6023 17.9375 4.53775 
38.9357 121.638 18.7968 26.0115 17.6396 40.2179 17.7312 4.47213 
39.3508 109.066 13.2398 20.2665 14.7981 32.1007 17.9729 4.56067 
38.6102 122.961 18.4338 25.511 17.5313 40.4903 17.8547 4.519 
33.8454 119.575 18.1755 26.2427 17.763 40.5388 17.8729 4.53984 
39.255 121.181 18.8109 26.1703 17.6839 40.8153 17.9417 4.57838 
39.2274 123.672 18.689 26.4792 17.7385 40.7846 18.0078 4.56171 
39.3466 121.078 18.8786 25.8797 17.8901 40.4554 17.8599 4.49505 
39.1821 122.644 18.4562 25.6792 17.6052 40.596 17.7875 4.49609 
39.2227 121.417 18.9171 26.0948 17.6594 40.1398 17.6807 4.46172 
34.024 118.195 18.6119 26.0922 17.812 31.8309 11.0238 2.8165 
34.8328 120.136 18.3755 26.2276 17.7599 40.557 17.8531 4.50859 
33.2048 124.317 19.0562 25.6157 17.8844 40.7106 18.0422 4.5565 
34.4573 119.475 18.5302 25.6224 17.6734 30.2763 9.95566 2.56235 
34.9662 120.533 19.0129 25.8792 17.8635 40.4185 17.7745 4.52942 
39.1831 124.832 19.1676 26.0115 17.7026 40.4872 17.8495 4.49869 
33.0856 118.577 18.7869 25.9089 17.9588 31.4247 10.4879 2.67484 
34.1011 119.909 18.7952 25.8433 17.8583 40.7893 17.9625 4.57577 
38.7857 121.01 18.8255 26.2255 18.2427 40.5039 18.1083 4.53254 
34.1745 110.656 18.74 26.1729 17.6724 40.6158 17.876 4.51796 
39.7909 124.121 18.351 25.5209 18.0422 40.745 17.8719 4.52421 
36.2369 126.303 18.9041 25.9313 17.763 40.3705 17.7453 4.53932 
34.1386 117.494 18.3229 26.3781 17.8573 31.6362 10.4577 2.67224 
35.3297 121.036 18.9004 25.7396 17.8802 40.8898 17.9484 4.52578 
40.7695 124.128 18.6291 26.224 17.8172 30.5998 10.4843 2.68109 
35.9427 121.754 18.9301 26.0865 17.5563 40.7997 17.9463 4.5315 
21.0243 59.6309 164.569 126.8 137.843 786.59 312.969 54.5728 
18.4531 49.0445 7.48758 10.152 7.11468 24.0538 10.7619 2.86494 
20.1827 50.447 7.39644 10.0781 7.08135 23.9231 10.8233 2.78629 
21.279 51.073 7.51258 10.0734 7.12041 24.046 10.7738 2.78161 
17.4787 48.5914 7.4256 10.1682 7.0699 24.1835 10.7916 2.80973 
21.1409 52.2589 7.44331 10.0176 7.15791 17.0297 7.44175 1.91968 
19.1411 57.6492 7.59278 10.3812 7.16156 24.3329 10.6853 2.84098 
20.2983 50.7126 7.39123 9.91764 7.14073 17.0026 7.45373 1.89468 
19.3619 50.9267 7.43185 10.0713 7.11677 24.0028 10.69 3.10763 
17.3714 47.1764 7.38134 10.1645 7.21937 24.0481 10.79 2.78682 
20.0118 50.7434 7.43966 10.014 7.10375 24.1095 10.7499 2.78213 
20.0223 50.021 7.50425 10.2463 7.07042 23.8017 10.6186 2.77015 
19.9952 50.2637 7.43967 10.1504 7.1001 23.959 10.666 2.80713 
17.4229 48.0362 7.40425 10.0015 7.16416 24.0054 10.6452 2.8139 
19.9941 50.4007 7.28603 10.0786 7.20374 24.096 11.0223 2.78577 
20.0837 50.735 7.36311 10.0989 7.04334 24.273 10.7369 2.75921 
19.6291 50.3845 7.4605 9.99629 7.17093 23.9002 11.0223 2.78369 
20.7363 50.4215 7.40165 10.0859 7.00948 24.3085 10.8087 2.80869 
20.3592 50.0856 7.32092 10.0286 7.06208 16.811 7.37352 1.91082 
19.2082 51.1501 7.41727 9.91087 6.97251 24.0283 10.7707 2.8165 
19.9681 50.7402 7.46466 9.96712 7.00219 24.2225 10.74 2.77588 
17.4339 47.5024 7.36519 9.864 7.12562 24.1793 10.7478 2.84671 
21.6581 51.5246 7.46518 10.0921 7.16312 23.9423 10.7046 2.81806 
20.2821 50.6413 7.46727 10.0187 7.09073 24.2387 10.8999 2.87535 
20.0051 50.6298 7.4381 10.1869 7.20583 23.9741 10.7572 2.86025 
20.0171 50.3892 7.40217 9.99681 7.23291 24.0897 10.7733 2.71338 
17.4646 47.7852 7.53289 9.99941 7.03292 24.0887 10.7416 2.7639 
17.438 48.2071 7.50373 10.1077 7.09958 24.1913 10.6785 2.88889 
21.2675 52.2141 7.43446 10.2494 7.135 24.1439 10.8639 2.80661 
17.2651 48.9591 7.40529 10.1598 7.16937 24.2475 10.7869 2.81963 
17.4224 47.9237 7.31571 10.1187 7.16156 24.1147 10.8113 2.90452 
21.5826 52.1943 7.4256 10.1978 7.0199 16.8573 7.38915 1.91135 
19.4634 50.2142 7.53601 10.3765 7.1402 24.1803 10.6629 2.89202 
19.9983 50.9158 7.48706 10.126 7.10375 24.0783 10.7931 2.87119 
17.4714 48.5628 7.41519 10.3957 7.20062 24.1246 10.7759 2.8415 
21.2711 52.7448 7.39852 10.0385 7.10531 24.0001 10.677 2.89983 
21.4659 52.6516 7.4907 9.99681 7.05219 24.2298 10.8113 2.87014 
19.9447 50.3048 7.38967 10.1166 7.21312 16.9292 7.36623 1.97801 
19.4686 50.7272 7.54278 10.0926 7.25218 24.0074 10.79 2.85035 
20.4149 51.0949 7.50268 10.0161 7.03656 24.159 10.6952 2.86754 
20.2394 50.2674 7.53133 10.278 7.21051 24.1241 10.8863 2.85348 
17.6026 48.7461 7.47144 10.3426 7.22822 24.1824 10.7056 2.83629 
19.9832 50.3153 7.38759 10.1536 7.13031 24.0793 10.79 2.79567 
21.4998 51.9855 7.38082 10.1666 7.09854 24.1262 10.7301 2.78369 
19.9681 50.6684 7.42977 10.0057 7.26988 24.1194 10.8389 2.78629 
21.3586 51.9761 7.42092 10.0208 7.05063 24.1559 10.8207 2.754 
20.403 50.4778 7.57403 10.1765 7.20374 24.1475 10.8113 2.79827 
21.3722 52.2167 7.44644 10.176 7.2902 24.3022 10.7525 2.88108 
20.1837 50.2325 7.50633 10.3598 7.18968 24.021 10.8244 2.77536 
17.7708 49.1138 7.69382 10.0947 7.18135 24.1522 10.6541 2.84827 
15.1095 41.6793 110.306 106.92 129.397 704.787 266.95 61.6552 
13.9487 31.1523 7.62143 10.0796 7.11364 16.8027 7.13187 1.81916 
13.7544 32.4929 6.90584 9.55413 6.99073 23.4543 10.4551 2.81337 
14.4736 32.9022 6.66575 9.05259 7.08239 16.2881 7.06729 1.85145 
13.9205 32.5085 6.58086 8.99686 6.72044 16.3235 7.06208 1.86552 
13.8018 32.4288 6.54024 9.21144 6.722 23.4851 10.4629 2.77484 
14.1585 32.8236 6.44962 8.86146 6.64596 16.3121 7.07302 1.88635 
13.4523 32.2163 6.62305 9.05624 6.58451 23.4913 10.4687 2.77223 
12.267 30.668 6.41629 8.89166 6.62201 16.3204 7.08031 1.86447 
13.5784 32.1111 6.50535 8.84583 6.41837 23.4424 10.4973 2.7764 
14.3721 32.5319 6.47618 8.80781 6.71835 23.5502 10.5739 2.78577 
14.4288 33.0856 6.74023 9.33174 6.89959 16.3537 7.11052 1.87177 
13.8528 32.3898 6.44441 9.09061 6.58711 16.4834 7.08187 1.88531 
12.2732 30.5612 6.22828 9.07134 6.64961 16.4574 7.0975 1.86968 
13.7633 32.6798 6.47462 9.07915 6.64388 16.4074 7.11677 1.86499 
13.6294 32.7903 6.64284 8.9802 6.58659 16.3714 7.10323 1.89728 
12.4566 31.4278 6.42723 8.92604 6.57305 16.3829 7.06781 1.87541 
13.5398 32.6877 6.43243 8.89635 6.57201 23.5247 10.5489 2.82952 
14.2794 32.3049 6.58867 9.12707 6.68294 23.5632 10.49 2.80973 
14.3335 32.333 6.48451 9.20831 6.74127 23.4642 10.4301 2.80661 
14.3236 32.6012 6.49337 8.71303 6.64336 23.5825 10.4957 2.88056 
12.3493 30.8878 5.26271 7.39748 6.54336 18.6796 7.00323 1.88166 
12.8841 32.195 6.35952 9.17811 6.55951 23.495 10.4806 2.76911 
12.3477 30.7794 5.43822 9.05832 6.61159 16.36 7.12666 1.93374 
12.1878 31.0602 6.47358 9.24737 7.0449 16.261 7.01469 1.84937 
12.2972 32.5715 6.43712 9.06145 6.49337 23.5939 10.4968 2.82067 
13.8148 36.0536 7.08396 10.0353 6.98501 23.6007 10.4046 2.78317 
16.1475 36.3229 7.01417 9.97649 6.73814 23.4918 10.4525 2.74411 
12.8623 31.2388 5.45176 8.6823 6.87876 16.311 7.10219 1.81656 
14.5908 34.0485 6.66732 9.10155 6.51889 16.2298 7.06052 1.88947 
12.8789 31.0482 6.60013 8.92343 6.63346 23.408 10.4322 2.79463 
14.8731 32.921 6.52566 9.05728 6.68554 23.5392 10.5593 2.77692 
14.3924 31.0622 5.26427 7.44331 5.31687 15.9527 7.12302 1.90353 
12.8727 32.0059 6.53087 9.18019 6.6293 16.4532 7.09021 1.86864 
13.9138 32.4564 6.49128 9.19373 6.60013 23.3908 10.4629 2.77744 
14.6288 32.4622 6.64232 9.1203 6.59388 16.56 7.03552 1.90197 
13.0331 32.484 6.78814 9.39476 6.97667 16.4313 7.04594 1.86916 
15.3663 35.9531 6.81679 9.55725 6.92199 23.545 10.5421 2.84567 
13.7888 34.3261 5.77154 9.55933 6.9423 16.562 7.14281 1.88687 
14.5767 32.5283 6.50378 8.98124 6.45535 23.6064 10.4499 2.81702 
12.5894 32.3028 6.58555 9.11196 6.57253 23.559 10.4812 2.77432 
14.5767 32.7981 6.5392 9.15363 6.6444 23.483 10.4989 2.80973 
14.5835 32.1965 6.55378 9.12238 6.29598 23.5476 10.5108 2.82379 
14.4012 32.609 6.50274 9.19165 6.69179 23.5314 10.4562 2.8165 
14.2825 32.0148 6.61471 9.18279 6.51368 23.5825 10.4728 2.80036 
14.4491 32.2872 6.52201 9.01978 6.53347 23.4887 10.5416 2.77379 
14.4648 32.9465 6.39181 8.67657 6.59701 23.5825 10.4895 2.77119 
14.2059 31.3726 5.23667 7.29905 5.34396 15.8673 7.03031 1.88999 
12.2284 30.6451 5.19188 7.60684 6.67357 23.5262 10.5223 2.77432 
14.4247 32.5252 6.48712 9.18904 6.61888 23.5356 10.464 2.91545 
12.7597 33.6444 158.984 129.126 122.123 734.842 320.318 61.0943 
12.1628 24.9105 6.2314 8.09692 7.22249 23.7533 10.627 2.94618 
11.9816 26.688 6.58034 8.07817 6.1236 16.424 7.00532 1.78583 
11.279 25.0511 4.50026 7.62247 5.67467 23.1747 10.3926 2.63318 
12.1988 25.8396 5.79914 7.57872 5.71477 16.1037 7.00219 1.79156 
12.3659 27.5557 6.02829 7.88964 5.92517 16.0267 6.95792 1.86812 
12.0451 27.3036 5.92726 8.01776 5.74445 16.1241 6.93449 1.83375 
11.065 26.2781 4.78305 7.86725 5.85174 23.1387 10.3983 2.72796 
11.8602 24.9371 5.76945 7.58341 5.61061 15.961 6.98501 1.8275 
11.2525 25.0938 4.70962 7.58497 5.74029 16.1444 6.98813 1.87281 
11.5014 25.1079 4.92627 7.55424 5.65488 16.0032 6.99959 1.77802 
11.4077 27.3375 5.70539 8.13337 5.95538 16.2183 6.97667 1.83687 
11.0134 26.0365 4.77524 7.90474 5.78456 23.1387 10.39 2.68682 
11.0514 26.3932 4.90492 6.11422 4.73306 15.6621 6.92511 1.86968 
12.1014 26.1193 5.57623 7.76308 5.64342 16.0918 6.97146 1.84781 
11.242 25.1511 4.96533 7.5032 5.64706 23.1643 10.3405 2.76442 
11.7649 26.2057 5.74341 7.78235 5.59707 16.1652 6.99125 1.8827 
10.0827 24.1595 4.47369 5.90694 4.30652 22.8737 10.4176 2.72432 
11.916 25.0173 5.74966 7.70007 5.67987 16.1235 6.97146 1.79052 
11.1254 25.5235 4.74868 7.61257 5.48822 16.2048 6.97719 1.85197 
10.9681 25.1636 4.63202 7.47925 5.54186 16.1136 6.98084 1.83114 
10.9348 24.935 4.51119 7.48914 5.7205 23.1695 10.3546 2.66495 
10.0031 23.8283 4.50078 7.55841 5.69289 16.4688 7.00688 1.80406 
11.0551 25.7006 4.64608 7.58705 5.68039 16.1204 6.98396 1.82958 
11.1118 26.0662 5.87517 7.7084 5.74914 16.0777 6.98501 1.77958 
9.99264 24.8866 5.76216 7.6959 5.64342 16.0157 6.90584 1.84208 
11.1358 25.5855 4.72472 7.67507 5.67467 16.1793 6.92355 1.83687 
11.1712 24.9595 4.7992 7.70319 5.60644 16.1261 6.99282 1.81864 
10.1098 24.6907 5.69654 7.74902 5.70748 16.1793 6.97199 1.83843 
11.116 25.1652 4.58411 7.5808 5.70904 16.2277 7.04906 1.86239 
11.0051 25.8084 4.60285 7.71569 5.59342 16.1048 7.00271 1.78896 
12.0123 27.8853 5.94236 7.85214 5.95694 16.1688 6.99021 1.86135 
11.8035 27.4437 5.79705 8.07765 5.85382 16.0725 6.95428 1.84677 
11.7863 27.1369 5.83507 8.01724 5.76685 23.182 10.4025 2.68786 
11.7222 25.6928 5.79445 7.27405 5.72935 23.1591 10.3858 2.76755 
11.866 25.3714 5.72987 7.73444 5.71737 23.1913 10.3848 2.62849 
11.7873 25.1907 5.79862 7.67455 5.633 23.1611 10.3822 2.64047 
11.7972 25.2287 5.71581 7.60059 5.78403 23.1965 10.3082 2.7764 
10.1103 23.4538 4.51015 6.0835 5.01637 23.1986 10.3635 2.78213 
10.1702 24.398 4.87732 6.08558 4.95804 20.0368 7.01573 1.86291 
10.0312 26.1823 6.46212 8.25889 5.54499 16.3673 6.98032 1.85354 
11.4301 25.0298 4.64764 7.6709 5.64498 16.0793 6.94803 1.84833 
11.1374 25.3886 4.69764 7.55528 5.69237 16.1907 7.01052 1.82333 
11.054 25.0928 4.4763 7.63966 5.63092 23.2403 10.3744 2.63526 
11.8384 25.098 6.01527 8.00005 5.8658 16.0548 6.99803 1.78167 
11.1186 25.1006 4.82732 7.9136 5.93507 16.2516 6.99178 1.83271 
11.2452 25.2553 4.76014 7.91047 5.92934 23.1856 10.3723 2.63474 
11.9243 25.047 5.72362 7.70684 5.71945 16.1168 6.99021 1.83323 
10.853 25.0449 4.4237 7.87193 5.85486 16.2329 7.01053 1.85614 
11.078 25.0798 4.45442 7.40165 5.92465 23.1689 10.3858 2.77536 
