args: 112 64 3 32
core=6
this process 2548 of running processor:  4
this process 2548 of running processor:  5
15.3133
15.85
15.8672
14.9262
15.4931
15.5989
16.7562
14.9699
15.7906
14.8089
15.4696
14.5796
15.4019
14.2107
14.2882
14.4727
14.0272
14.1757
14.2012
14.0798
14.4321
14.4482
14.1726
14.4393
14.4409
14.0694
14.0902
14.4769
14.0908
14.1632
14.4831
14.308
14.32
14.2158
14.0496
14.233
14.4878
14.1538
14.8312
16.6122
15.8598
15.1892
14.7129
13.924
14.0011
14.4862
15.4356
15.2241
14.2116
14.3221
14.3825
14.3565
14.3508
14.282
14.2606
14.6644
14.1804
14.1778
14.061
14.0887
14.5175
14.0986
14.2127
14.32
14.4492
14.1757
14.1939
14.7963
15.259
15.5352
14.6504
14.4894
14.3039
14.74
14.4185
15.4445
14.9922
14.9406
15.3403
14.3872
14.2148
14.1043
14.088
14.0093
14.0797
14.4147
14.0917
14.3387
14.2714
14.1021
14.4048
14.0422
14.2688
14.0745
14.3637
14.3533
14.4929
14.5929
14.3376
14.0906
14.0239
14.2251
14.1261
14.2417
14.1011
14.1214
14.2272
14.0943
14.1386
14.3168
14.0875
14.1334
14.3637
14.0906
14.0651
13.9984
14.3058
14.3663
14.2965
14.0489
14.1709
14.1417
14.2027
14.3371
14.3652
14.0417
14.3434
14.0271
13.9583
14.3137
14.0542
14.1896
14.3267
14.3923
14.136
14.088
14.1344
14.0724
14.0489
13.9703
14.0656
14.545
14.136
14.3564
14.1912
14.0974
14.012
14.0828
14.1099
14.0489
14.0729
14.1167
14.1457
14.0666
14.0744
14.0348
13.9983
13.9868
14.0468
14.1702
13.9342
14.213
14.3927
14.2614
14.114
14.077
14.1999
14.2098
14.1963
14.2755
14.0405
14.1744
13.9863
13.9269
14.1577
14.0389
14.0072
14.0645
14.0759
14.041
14.0754
14.14
14.151
14.1286
14.1317
14.2901
14.1661
14.0379
14.1468
14.0765
14.1525
14.1286
14.103
14.2171
13.9634
14.0681
14.3808
14.152
14.226
14.2989
14.2739
14.2432
14.1827
14.1624
13.9973
14.0681
14.1317
14.1786
14.0874
14.1525
14.0072
14.3797
14.2057
14.0035
14.4448
14.276
14.0118
14.0462
14.0848
14.0869
14.1223
14.0686
13.8372
13.9575
14.0586
13.9398
14.1285
14.0805
14.0998
14.1858
14.1337
14.117
13.9966
14.2014
14.2379
14.0425
13.9153
14.0612
14.1436
14.0904
13.9502
14.315
14.1483
14.217
14.0998
14.0935
14.0894
14.3494
14.2968
14.302
14.1936
14.1905
14.2259
14.0159
14.2332
14.1701
14.155
14.2108
14.0993
14.205
14.3327
14.1321
14.0378
14.2014
14.242
14.3379
14.2525
14.1946
14.2004
13.944
14.0633
14.0394
14.0706
14.0065
14.019
14.1441
14.1331
14.1378
14.1972
14.1206
14.1811
14.2691
14.2061
14.1285
14.1957
14.1274
14.0018
13.9956
14.1936
13.9805
14.2311
14.1743
14.0513
13.9387
13.9627
14.0794
13.984
13.9824
14.0012
14.1497
avg: 14.2768
