args: 112 64 3 32
core=5
this process 2548 of running processor:  4
27.3877
25.6289
25.7097
25.8468
26.2005
25.5072
26.5672
26.8949
26.649
26.2686
26.3978
26.3577
26.4108
26.0023
26.2295
26.415
26.4442
26.3832
26.5135
26.3983
26.2957
26.4353
26.3905
26.3619
26.3264
27.1289
26.5635
26.315
26.4244
26.0831
25.7308
26.526
27.008
26.0059
26.2368
26.2946
26.4885
26.0122
26.4171
26.3134
26.132
26.2529
25.5513
26.2188
26.1901
26.126
26.2454
25.7727
26.1573
26.1974
26.0348
25.5606
26.1771
26.2099
26.2568
26.2454
26.2131
25.9588
25.8233
26.2511
26.2521
26.3303
26.0427
25.8801
26.1917
26.2042
26.0666
26.101
26.5528
26.3324
26.3084
26.274
26.2042
25.8738
25.5388
26.2204
25.7534
26.3892
26.9984
26.4496
27.0399
26.8329
26.3655
26.4515
25.4817
26.3186
25.9293
25.9366
26.3055
25.7386
26.2816
25.7511
26.1127
26.4785
26.3978
26.4238
26.5859
26.2482
26.4822
26.4139
26.503
25.5223
26.0674
26.2039
26.082
25.8188
26.3639
26.2508
26.2222
26.2003
26.0148
25.8147
25.4859
25.7949
26.1888
25.5541
26.2144
26.2665
26.2882
26.2959
26.1849
26.1208
26.7029
26.2068
26.1865
26.2375
26.1297
26.3954
26.5736
26.4892
26.6383
26.433
26.3584
26.2891
26.1224
26.1901
26.4251
26.2266
26.0286
26.4272
26.4444
26.879
26.3459
26.2271
26.4277
26.4387
26.3157
26.3438
25.7415
26.2542
26.2876
26.3605
25.5038
26.3933
26.3261
27.1828
26.2749
25.3488
25.8777
26.2232
26.4442
26.1242
26.3264
26.4593
26.4384
26.3498
26.2524
26.131
26.7172
26.2972
26.466
26.2983
26.1847
26.3478
26.4285
26.4249
26.1867
26.3102
27.0981
26.3217
25.0961
26.1378
26.1805
26.2357
26.8881
26.0044
26.3009
26.4046
26.1695
26.2024
26.3071
26.3722
26.3644
26.2764
26.3737
25.9796
26.3063
26.186
26.3465
25.9911
26.4809
26.4413
26.0614
25.9301
26.7936
25.9379
25.9197
26.0594
25.4189
26.2412
26.1464
26.1459
26.2308
26.1386
26.163
26.1693
26.1026
26.3142
26.3579
26.3558
26.3371
26.2902
25.9218
26.4846
26.4199
26.235
26.4038
26.1948
26.1552
26.347
26.4168
26.4434
26.3093
26.3775
26.3952
26.4114
26.3374
26.3181
26.2368
25.995
26.4843
26.353
26.4041
26.2978
26.3468
25.8022
25.8835
26.3103
26.2806
26.8934
27.6875
26.3577
26.5672
25.9799
25.8715
26.365
26.3608
26.3176
26.6938
27.0408
26.4088
26.2264
26.4395
27.0518
26.2811
26.4593
26.3296
26.3853
26.8803
26.2915
26.4534
26.2022
26.061
25.4503
26.21
25.7952
26.2829
27.4194
26.1938
25.9953
26.1584
25.9531
26.2564
26.1527
26.186
26.2272
26.2136
26.2027
26.2673
25.7796
26.234
26.2282
25.8703
26.0453
25.7389
25.6353
26.186
26.2345
26.1037
26.1449
avg: 26.2479
