args: 112 64 3 32
core=8
this process 2548 of running processor:  4
this process 2548 of running processor:  5
this process 2548 of running processor:  6
this process 2548 of running processor:  7
9.82372
8.90773
9.02548
9.66741
9.68356
9.5632
9.59655
9.71951
9.72629
9.41366
9.63875
9.20785
8.56749
8.92909
9.5757
9.42929
9.68356
9.4741
9.50849
9.33967
9.18961
9.6919
9.44701
9.63562
9.47566
9.67262
9.47098
9.49338
9.4517
9.03434
9.64917
9.36572
9.62416
9.51526
9.58717
9.74244
9.40793
9.68252
9.46941
9.53715
9.40168
9.14428
9.13178
9.53142
8.84416
8.90304
9.00516
8.74777
9.04424
9.02548
8.58208
8.52164
8.82124
9.00673
8.97078
9.07603
9.04372
8.99995
9.001
8.95093
9.11973
8.82639
9.05252
8.99625
8.80607
8.93945
8.96238
8.55545
8.55441
9.0817
9.05929
8.8639
8.79825
9.07805
8.5518
8.9827
9.02907
8.92487
9.01084
8.84775
8.88266
8.73677
8.81857
8.90142
8.55336
8.73208
8.70707
8.94831
9.17861
8.82378
8.98426
9.14422
8.96134
9.00875
8.82326
9.01188
9.02126
9.01709
8.97905
9.08118
9.06711
8.75344
8.93372
8.93581
8.97905
8.97072
8.86651
8.81857
9.03272
9.114
9.0051
8.99573
9.09264
9.1213
9.04575
9.16402
9.14474
8.81545
9.04158
9.015
9.15256
9.08378
9.05252
9.12442
9.08847
8.9603
9.08378
9.20206
9.07076
9.18121
9.16246
9.21091
9.19685
9.26562
8.90298
9.15881
8.77585
9.00563
9.07805
9.04314
9.13641
9.03011
9.02074
8.98426
9.00354
9.02751
9.00771
9.2229
9.22134
8.97228
9.16871
9.21977
9.2354
9.17184
8.7894
9.10254
9.08274
9.20883
9.16819
9.20258
8.97957
9.12859
9.26406
9.01292
9.02386
8.70238
9.06971
9.05565
8.74459
9.00246
8.58666
9.0832
9.11499
8.98368
8.77996
9.06236
8.77475
8.87375
8.75495
9.04152
8.93523
8.96389
8.65283
8.81904
9.00974
8.7883
8.39596
8.60646
8.63459
8.70858
8.9717
9.04725
8.82216
9.07018
9.08841
8.71223
8.64762
8.93523
9.04256
8.96857
8.97952
9.09467
9.0733
8.57676
8.99098
9.04412
8.93679
8.50485
8.74401
8.83311
8.86489
9.06028
8.85759
9.04308
9.05142
8.91751
8.88
8.60854
9.08008
9.0014
8.52153
8.99463
8.72004
9.12228
8.83727
8.97483
9.0535
8.78673
8.94252
9.0311
8.98316
8.77631
9.08216
8.93783
8.94304
9.01599
9.03787
8.52569
9.0832
9.16448
8.73046
9.00557
8.87479
8.93627
8.98577
8.82164
8.89563
8.8602
9.00817
8.95503
9.00609
8.97483
8.79872
8.76172
8.56217
8.98056
8.96076
8.72213
9.03683
9.09935
9.05038
9.14416
8.92064
8.93002
9.0733
8.99254
8.99827
9.0707
8.89615
8.83102
8.98316
8.69347
9.04204
8.95815
8.69399
8.74766
9.05559
8.90188
9.02537
9.00869
9.09514
9.03625
8.8195
8.97946
9.04511
8.79397
8.82784
8.9706
8.95445
8.9482
9.02844
8.65017
8.86379
8.93986
9.0373
9.02062
8.87786
9.0175
9.07637
9.02219
avg: 9.02052
