args: 112 64 3 32
core=7
this process 2548 of running processor:  4
this process 2548 of running processor:  5
this process 2548 of running processor:  6
11.4652
10.7681
10.6165
10.3491
10.5669
10.5836
10.5862
10.2986
10.5972
10.9718
10.3794
10.6112
10.383
10.3054
10.233
10.2554
10.1798
10.3356
10.2033
10.2194
10.2298
10.1897
10.21
10.2455
10.4143
10.9947
10.6227
10.6128
10.2053
10.1246
10.2783
10.1897
10.5221
10.6112
10.6389
10.903
10.8619
10.7342
10.8785
10.9265
10.6118
10.7748
10.7879
10.7415
10.1746
10.6482
10.3413
10.928
10.7102
10.9447
10.7055
10.9134
10.9056
10.6305
10.8942
10.8582
10.9317
10.889
10.9676
10.9478
10.7108
10.7196
10.7405
10.7686
10.9374
10.8801
10.7514
10.7952
10.4987
10.6154
10.8811
10.7868
10.9145
10.9004
10.989
10.8045
10.9953
10.5784
10.914
10.8978
10.7905
10.8212
10.8509
10.7144
10.6758
10.8144
10.9399
10.6377
10.8774
10.942
10.7888
10.6888
10.4017
10.9196
10.297
10.3684
10.8081
10.8253
10.8107
10.6779
10.8222
10.6466
10.7805
10.8389
10.7201
10.8561
10.4741
10.7706
10.6237
10.8378
10.3402
10.7175
10.8462
10.5559
10.3835
10.6992
10.6101
10.8066
10.7951
10.7633
10.7628
10.6023
10.9285
10.5716
10.7841
10.6221
10.7977
10.5028
10.9582
10.6919
10.8628
10.6049
10.7623
10.3871
10.8847
10.6643
10.6482
10.8128
10.6956
10.4783
10.8373
10.8571
10.7456
10.7555
10.78
10.5268
10.3767
10.7096
10.9045
10.4126
10.6878
10.8191
10.9274
10.6805
10.5856
10.8639
10.8206
10.8628
10.6159
11.6668
11.5985
11.4844
11.4183
11.5866
11.7835
11.4235
11.5819
11.7773
10.7758
11.5871
11.3464
11.6804
11.6798
11.5292
11.5558
11.5177
11.2139
11.0545
11.9205
11.1967
11.5438
11.8507
10.7195
11.5948
11.8491
11.4432
11.7095
11.5828
11.6381
11.6751
11.5224
11.117
11.1587
11.8402
10.9123
11.612
11.9325
11.5427
10.6507
11.4729
10.7684
11.7105
11.1415
11.5651
11.5578
11.1238
11.5266
11.7475
11.0748
11.5521
11.6433
11.351
11.4244
11.7303
11.4791
10.6059
11.7699
11.4557
11.686
11.5484
11.5271
11.6975
11.0931
11.4505
11.2874
11.3208
11.7881
11.5604
11.3155
11.7433
11.8564
11.6511
11.5104
11.2999
11.6646
11.7272
11.3973
11.686
11.7933
11.0779
11.7767
11.5761
11.6375
11.3223
11.3473
11.339
11.4416
11.489
11.4953
11.7725
11.2046
11.1264
11.7407
11.4489
11.6959
10.744
11.4323
11.241
11.2233
11.4927
11.4917
11.5521
11.6693
10.6642
11.5213
11.2712
11.0351
10.8184
11.5901
11.5802
11.1664
11.6333
11.1592
11.5129
11.7396
10.9179
11.5723
11.6151
11.9131
11.627
11.7844
11.7594
11.3472
11.6625
11.5239
11.5947
11.5317
11.4874
11.7891
11.268
11.5588
11.218
11.9027
11.6109
11.4145
11.675
11.6687
11.0153
11.6765
11.6479
avg: 11.05
