args: 56 128 1 32
core=6
this process 2529 of running processor:  4
this process 2529 of running processor:  5
1.50704
1.10242
1.13835
1.08003
1.1019
1.08992
1.06336
1.06388
1.06961
1.33467
1.09513
1.0493
1.12325
1.10502
1.08732
1.06701
1.74762
1.73252
2.29753
1.52526
2.49281
2.11579
1.38258
2.5204
2.30065
1.13054
2.47927
2.51103
1.70544
2.30378
1.32165
1.06596
1.08888
1.07117
1.08523
0.858708
1.13835
1.09825
1.09408
1.09252
1.1196
1.08836
1.10033
1.14408
1.07846
1.07794
1.0795
1.10554
1.30759
1.0743
1.1045
1.0769
1.07169
1.14824
1.08627
1.10815
1.07326
1.13783
1.07117
1.33988
1.11804
1.0868
1.06232
1.07898
1.11283
1.07846
1.09148
1.11856
1.09929
1.08471
1.05659
1.1144
1.07794
1.05711
1.30551
1.06024
1.10606
1.092
1.10971
1.3029
0.855064
1.11335
1.30811
1.28989
1.11283
1.07846
1.09617
1.08055
1.12064
1.06024
1.08159
1.07794
1.05868
1.32321
1.09409
1.12793
1.08888
1.07169
1.11023
1.10294
1.06388
1.08367
1.09981
1.33779
1.29718
1.31124
1.06961
1.09461
1.11492
1.0769
1.07898
1.07221
1.11179
1.11023
1.07117
1.11075
1.07117
1.06753
1.07117
1.12429
1.06961
1.30863
0.877976
1.09252
1.08732
1.0795
1.11335
1.07482
1.04409
1.09565
1.08732
1.0618
1.30082
1.11544
1.07898
1.12377
1.3253
1.07742
1.31176
1.06544
1.08888
1.30915
1.08471
1.32165
1.06024
1.07013
1.30238
1.06232
1.0894
1.06961
1.33623
1.30447
1.05555
1.10502
1.09877
1.32061
1.10294
1.07169
1.06909
1.08107
1.10034
1.07221
1.08003
1.09409
1.1571
1.09252
1.06076
1.35238
1.09356
1.07586
1.33884
1.05607
1.29666
1.12012
1.08419
1.07482
1.08055
1.08263
1.08836
1.06597
1.09721
1.07534
1.07273
1.09981
1.10867
1.08107
1.29926
1.10346
1.30655
1.08992
1.07846
1.09773
1.32634
1.33102
1.32426
1.08419
1.29822
1.08732
1.08107
1.08628
1.08367
1.09513
1.07326
1.07222
1.09929
1.06649
1.29926
1.04982
1.09565
1.10398
1.11075
1.10138
1.09305
1.07013
1.07169
1.07898
1.09461
1.08315
1.08992
1.08523
1.0592
1.09252
1.08836
1.0769
1.29718
1.0894
1.10138
1.08211
1.0769
1.09409
1.08367
1.09669
1.10763
1.08627
1.08107
1.08211
1.3154
1.07273
1.09408
1.1144
1.30447
1.06857
1.10763
1.30343
1.10502
1.07273
1.08628
1.1196
1.08211
1.10502
1.08211
1.06857
1.10138
1.12064
1.32269
1.09565
1.09929
1.31072
1.10919
1.09877
1.05972
1.08992
1.08003
1.0769
1.08367
1.30863
1.12637
1.09356
1.0894
1.08888
1.10346
1.31176
1.08836
1.1019
1.092
1.05451
1.08055
1.07742
1.09721
1.32582
1.12116
1.08679
1.10815
1.09773
1.08211
1.07846
1.0868
1.33675
1.08055
1.09877
1.12169
1.08784
1.29613
1.08628
1.07638
1.06961
1.08263
1.11387
1.0644
1.07222
avg: 1.16245
