args: 56 128 1 32
core=5
this process 2529 of running processor:  4
2.12881
1.77418
1.61119
1.62368
1.67472
1.5815
1.63254
1.56223
1.54765
1.64764
1.59244
1.56796
1.55547
1.61743
1.67576
1.57473
1.58723
1.56484
1.56692
1.59817
1.56067
1.56432
1.54245
1.57786
1.55755
1.57109
1.57577
1.55182
1.55026
1.54713
1.59035
1.58359
1.5789
1.54193
1.52839
1.52839
1.56119
1.53672
1.53359
1.55182
1.55703
1.63931
1.53828
1.58515
1.57473
1.5513
1.60546
1.55598
1.54765
1.58254
1.53516
1.54401
1.55599
1.55182
1.56588
1.54661
1.58463
1.53047
1.57682
1.54141
1.53307
1.55026
1.53776
1.53776
1.55703
1.52839
1.57161
1.63097
1.55755
1.61119
1.56276
1.57005
1.56328
1.55182
1.60285
1.55338
1.57682
1.53984
1.56067
1.55286
1.52995
1.55182
1.56067
1.55286
1.61223
1.55026
1.59764
1.54609
1.54713
1.59452
1.54193
1.57317
1.61379
1.53516
1.59452
1.54974
1.5539
1.5539
1.54557
1.58359
1.52734
1.5513
1.54349
1.57838
1.54088
1.55234
1.5513
1.5815
1.58723
1.5638
1.57057
1.60442
1.55026
1.52787
1.57109
1.58619
1.56432
1.53203
1.62525
1.5664
1.5414
1.55859
1.57838
1.5388
1.58671
1.55599
1.54297
1.57994
1.55599
1.54505
1.5362
1.59608
1.55338
1.58619
1.56223
1.57369
1.55026
1.56171
1.57213
1.6242
1.57942
1.55598
1.60442
1.54609
1.55599
1.55547
1.60337
1.54193
1.54974
1.55078
1.61743
1.53724
1.57525
1.54922
1.5815
1.54922
1.53359
1.55703
1.54088
1.56848
1.56484
1.53411
1.56119
1.58306
1.62316
1.53828
1.53776
1.54765
1.55234
1.55234
1.54765
1.5388
1.57682
1.54036
1.59348
1.61431
1.57421
1.56692
1.59608
1.55859
1.57682
1.5388
1.56588
1.55599
1.56796
1.54765
1.53516
1.57265
1.59348
1.54245
1.55547
1.56744
1.59608
1.5237
1.56328
1.55338
1.53672
1.59088
1.54453
1.58098
1.54192
1.56744
1.54974
1.55078
1.55234
1.5815
1.57161
1.57994
1.54765
1.55703
1.53828
1.54141
1.58931
1.55182
1.5487
1.53932
1.56223
1.56848
1.57057
1.58098
1.57109
1.55442
1.65805
1.55755
1.6367
1.54557
1.56953
1.54609
1.58931
1.57421
1.55182
1.58567
1.5638
1.5237
1.55911
1.5513
1.53463
1.57734
1.56484
1.56171
1.54245
1.55234
1.57317
1.55547
1.5664
1.55494
1.53568
1.58098
1.59817
1.58463
1.58671
1.55859
1.5638
1.59035
1.56067
1.53568
1.54974
1.56692
1.58254
1.53776
1.57994
1.57005
1.58775
1.60181
1.61743
1.58202
1.58723
1.55495
1.5815
1.56484
1.55286
1.55911
1.55807
1.55703
1.569
1.55078
1.53776
1.54974
1.64972
1.55234
1.52058
1.54817
1.55859
1.56536
1.56484
1.55755
1.60962
1.58359
1.61223
1.54974
1.56536
1.52422
1.56015
1.60233
1.59921
1.57005
1.56223
1.55651
1.57734
1.54453
avg: 1.56682
