args: 56 128 1 32
core=7
this process 2529 of running processor:  4
this process 2529 of running processor:  5
this process 2529 of running processor:  6
1.83407
1.48412
1.24562
1.44142
1.44142
1.47527
1.23521
1.44923
1.27166
1.4685
1.26072
1.26906
1.27895
1.43674
1.26072
1.43726
1.42372
1.41955
1.43934
1.28103
1.42163
1.42997
1.44663
1.2727
1.42059
1.48777
1.26124
1.46486
1.48673
1.4409
1.4409
1.42216
1.42945
1.24458
1.47215
1.4784
1.45288
1.42684
1.44611
1.46382
1.42736
1.46434
1.42424
1.42476
1.48412
1.45236
1.21021
1.44871
1.47215
1.41747
1.28676
1.43101
1.43049
1.24302
1.46017
1.44298
1.47423
1.42788
1.43101
1.43882
1.4383
1.47059
1.26177
1.42163
1.46694
1.45288
1.46434
1.43205
1.47475
1.08627
1.456
1.4258
1.45548
1.44298
1.4784
1.42268
1.43049
1.47683
1.45809
1.43986
1.50027
1.43153
1.47996
1.05659
1.44767
1.4232
1.43986
1.47059
1.45496
1.42528
1.0644
1.45392
1.46902
1.43934
1.48256
1.42997
1.43465
1.43517
1.43465
1.44403
1.43934
1.47163
1.45965
1.44298
1.456
1.44403
1.43101
1.47319
1.45027
1.45028
1.46902
1.42945
1.51276
1.46434
1.44871
1.44976
1.4784
1.46069
1.255
1.48985
1.43986
1.47944
1.45392
1.27895
1.44038
1.44767
1.44507
1.44559
1.06597
1.51381
1.41903
1.43882
1.43101
1.47683
1.47215
1.27426
1.43361
1.42736
1.42736
1.4284
1.45288
1.44663
1.26854
1.43882
1.47006
1.46329
1.45392
1.04514
1.45132
1.43517
1.24406
1.42945
1.43934
1.44455
1.456
1.04982
1.42216
1.45132
1.24562
1.44507
1.45028
1.4534
1.46329
1.4284
1.42216
1.30967
1.45965
1.26333
1.48725
1.48881
1.48412
1.45392
1.44715
1.43361
1.05555
1.45288
1.42997
1.43205
1.42997
1.45132
1.46017
1.25135
1.43674
1.43726
1.50339
1.42945
1.43778
1.51797
1.23625
1.42059
1.48048
1.44142
1.44871
1.43986
1.42632
1.4383
1.43101
1.42528
1.46486
1.45236
1.43934
1.22688
1.44038
1.44663
1.23052
1.4534
1.44767
1.44976
1.44663
1.46017
1.47996
1.03524
1.49298
1.4685
1.44298
1.29666
1.4534
1.45704
1.24094
1.4383
1.42163
1.23
1.43674
1.48673
1.44403
1.42528
1.42528
1.42007
1.22896
1.44715
1.44507
1.46382
1.24927
1.43049
1.45392
1.45184
1.23313
1.4357
1.46173
1.4232
1.42372
1.41487
1.46694
1.43049
1.44403
1.4633
1.47944
1.47059
1.44038
1.22011
1.4534
1.42893
1.43309
1.46069
1.44819
1.43413
1.30759
1.42632
1.45288
1.23573
1.43153
1.456
1.42528
1.42684
1.46121
1.42997
1.42007
1.49506
1.43674
1.24458
1.47423
1.43934
1.45496
1.44298
1.43622
1.2576
1.4534
1.43257
1.47423
1.43882
1.4711
1.45548
1.43986
1.25916
1.46329
1.4633
1.44559
1.44871
1.28051
1.45861
1.47371
1.43413
1.42476
1.45392
1.4383
1.45392
1.42684
1.44767
1.43882
1.45392
avg: 1.41271
