args: 56 128 1 32
core=8
this process 2529 of running processor:  4
this process 2529 of running processor:  5
this process 2529 of running processor:  6
this process 2529 of running processor:  7
1.71481
1.4107
1.38258
1.34665
1.35133
1.37581
1.35654
1.31124
1.35498
1.3581
1.31436
1.35915
1.16439
1.17168
1.34977
1.31801
1.39872
1.16595
1.35133
1.38518
1.36383
1.38362
1.38414
1.32634
1.35654
1.32113
1.39612
1.32686
1.36435
1.38102
1.34144
1.30603
1.36435
1.32478
1.38414
1.32894
1.37998
1.37685
1.31072
1.27947
1.37789
1.15606
1.37789
1.34769
1.34665
1.36019
1.36227
1.36487
1.42111
1.36852
1.30655
1.30915
1.37164
1.38518
1.30603
1.32686
1.32269
1.34873
1.35967
1.368
1.31384
1.32686
1.38727
1.37998
1.31905
1.3581
1.34248
1.35498
1.35706
1.34092
1.36696
1.35862
1.37529
1.34196
1.37112
1.36539
1.36175
1.33415
1.36019
1.31124
1.30707
1.37737
1.3831
1.36123
1.3805
1.37268
1.35498
1.35915
1.38727
1.36852
1.30134
1.37633
1.34717
1.37737
1.38206
1.33571
1.33363
1.35029
1.35029
1.1321
1.16543
1.30447
1.14356
1.38414
1.35342
1.30134
1.35238
1.35342
1.3581
1.36748
1.38726
1.33988
1.31644
1.38831
1.32113
1.15553
1.32165
1.41122
1.35342
1.36123
1.35602
1.34561
1.36175
1.38935
1.39039
1.33311
1.32061
1.37268
1.31019
1.41434
1.34977
1.3706
1.37633
1.35446
1.3253
1.31696
1.35915
1.33832
1.1722
1.35342
1.32165
1.16074
1.32894
1.15501
1.1196
1.32009
1.35758
1.35862
1.15918
1.33259
1.36071
1.32426
1.36227
1.35394
1.15762
1.32946
1.34665
1.35238
1.36279
1.32842
1.11648
1.12221
1.35758
1.32998
1.36748
1.29457
1.3555
1.33519
1.32321
1.34248
1.32842
1.33155
1.12325
1.34561
1.35185
1.36123
1.36071
1.32321
1.27947
1.41434
1.36383
1.32426
1.37685
1.31696
1.33936
1.36487
1.36904
1.31124
1.37581
1.35862
1.34352
1.35654
1.34248
1.32894
1.35706
1.37425
1.32998
1.36071
1.3529
1.35238
1.32165
1.3253
1.3404
1.13835
1.36227
1.13418
0.932135
1.34248
1.13158
1.32165
1.1597
1.33311
1.19199
1.33884
1.13523
1.17116
1.32009
1.31592
1.16022
1.32165
0.923803
1.14564
1.33675
1.35863
1.3378
1.37217
1.32217
1.37164
1.34613
1.33259
1.35394
1.34821
1.12794
1.33623
1.35915
1.35185
1.3279
1.3154
1.31645
1.33571
1.33259
1.3154
1.31853
1.33832
0.699362
1.33571
1.12585
1.32634
1.32269
1.32738
1.12169
1.34977
1.14877
1.31645
1.35498
1.37373
1.12012
1.117
1.13991
1.31801
1.30811
1.36956
0.948277
1.32478
1.12325
1.34977
1.36435
0.924845
1.15293
1.13106
1.34821
1.14356
1.32321
1.35029
1.35238
1.3529
1.35186
1.15345
1.32009
1.32217
1.36644
1.35133
1.12533
1.34092
1.35758
1.36383
1.31645
1.32009
1.32842
1.13054
1.32686
1.37998
1.1295
1.11856
1.31488
1.35342
1.35342
1.36019
1.142
1.31801
avg: 1.31077
