args: 112 64 5 128
core=5
this process 2700 of running processor:  4
179.612
188.744
179.077
184.284
183.105
186.603
180.85
177.519
177.525
188.715
186.961
184.564
176.83
176.992
191.848
177.632
189.139
175.553
186.259
175.77
185.484
180.979
169.483
170.275
184.173
185.322
170.109
169.02
189.891
186.351
194.549
181.683
181.517
173.648
190.533
168.967
186.698
191.552
189.707
181.19
187.294
187.227
192.279
177.79
185.38
183.679
176.588
178.03
182.152
187.04
192.615
189.095
187.123
176.659
186.962
182.854
181.579
181.006
186.938
189.641
192.061
170.111
187.628
190.755
186.112
190.911
182.268
184.192
168.283
168.877
167.993
184.733
187.374
192.878
187.541
186.287
180.562
178.156
179.143
170.726
186.232
188.28
179.667
172.795
190.6
183.91
189.439
176.8
184.878
177.872
175.02
178.381
184.067
174.505
191.811
189.656
181.043
174.172
179.313
185.121
182.871
175.273
184.21
171.247
177.483
182.263
180.774
192.11
180.648
176.38
186.293
192.276
189.596
176.57
181.556
169.647
174.376
187.124
176.925
180.379
189.817
172.507
184.385
184.046
191.885
191.1
175.55
183.196
183.695
183.555
177.668
182.332
182.434
189.224
186.108
186.075
187.39
191.918
189.502
188.456
184.246
189.542
185.072
190.551
174.859
169.82
181.611
174.793
194.923
171.53
187.318
185.077
179.001
184.375
192.982
171.846
187.773
175.928
181.126
177.678
173.029
174.642
184.937
188.56
179.475
175.043
188.761
174.541
180.037
187.59
187.565
183.781
187.709
190.786
184.605
188.277
181.918
182.31
183.949
189.393
187.118
186.581
182.107
178.107
192.937
190.549
191.407
185.96
181.166
180.794
179.226
181.804
180.49
190.966
184.639
181.451
185.443
181.727
180.61
189.69
187.714
186.07
183.751
188.826
188.143
190.953
186.074
181.262
184.678
176.248
187.638
177.544
181.743
188.758
178.807
168.267
184.709
185.84
175.735
181.031
185.785
172.071
183.687
189.911
183.697
193.175
177.016
187.798
187.857
172.853
171.46
166.992
182.93
184.895
184.142
186.593
179.732
187.007
188.712
186.799
173.118
186.938
183.047
188.272
172.514
184.99
185.018
188.392
188.675
188.203
179.838
189.419
179.744
180.559
185.021
172.921
187.298
182.801
191.122
179.675
191.367
187.152
184.696
186.995
183.575
187.764
188.401
183.464
182.68
185.916
177.616
191.499
179.115
180.259
185.791
181.942
189.808
184.373
177.31
171.986
187.309
170.85
173.295
168.932
178.356
187.471
184.214
186.486
188.185
191.522
175.981
175.17
176.857
193.157
193.353
191.867
184.436
187.965
189.026
178.468
avg: 183.006
