args: 112 64 5 128
core=7
this process 2700 of running processor:  4
this process 2700 of running processor:  5
this process 2700 of running processor:  6
69.579
65.2131
64.8437
66.3839
62.9632
64.1069
67.3437
62.1135
63.1693
63.8435
64.1791
63.9774
65.6239
64.4833
64.8528
64.3338
63.4449
63.5168
65.0982
64.9049
65.1576
63.6934
64.079
67.0486
64.6357
64.5174
63.32
65.5262
63.3836
64.2345
66.476
64.7342
63.6936
63.8218
63.3701
65.1739
62.3681
65.3829
65.223
65.516
65.4341
64.0502
66.5825
64.998
64.6646
64.7323
64.8771
65.2038
63.871
65.405
64.3363
64.5744
65.357
65.4581
66.564
66.5317
65.7261
65.2233
66.0367
63.9525
64.1531
66.8229
65.5662
65.8559
66.2003
63.8008
66.0799
68.0412
65.1561
64.9285
65.0005
63.9964
66.5209
64.6326
66.6126
66.547
64.1241
63.6708
67.698
65.5914
67.7465
65.4507
65.6628
64.381
65.0532
64.2936
65.2023
63.2051
63.8716
64.514
63.3588
64.0477
65.7724
64.9309
63.9612
64.5979
65.9183
65.0366
64.5635
65.5468
65.4479
65.5428
65.0853
65.4875
64.3985
63.4216
64.3912
62.159
63.5763
65.1608
65.2103
65.772
65.6006
65.1384
65.8804
64.4138
64.1658
64.6118
63.6057
65.2845
63.4848
65.0959
63.2665
66.0135
64.6327
65.6175
64.38
66.8237
66.4652
67.2755
64.8281
66.9828
64.7016
65.5317
63.8481
63.7377
64.3692
65.565
66.3805
65.961
65.0591
65.9782
64.7459
64.2311
66.0392
65.8407
65.6204
64.9321
65.2979
66.13
64.0984
65.3271
65.089
64.3788
63.1136
65.8841
64.5986
65.8799
65.1864
64.78
65.7153
65.3246
63.5421
65.5242
66.1599
62.9226
63.3675
63.6901
66.1855
65.3247
63.4139
64.6879
64.9599
63.3978
63.2967
64.6843
65.4497
65.2581
65.3248
63.0822
63.7012
65.4921
64.2952
63.1082
65.2607
65.1612
64.4849
64.6433
64.0342
65.7604
65.8053
63.4209
64.7559
64.9993
64.4991
66.6084
65.5287
65.1145
64.6565
64.9509
64.5538
64.446
66.1488
64.9431
65.5777
64.545
64.6393
62.5295
65.8421
65.8494
65.3132
63.2847
64.3409
66.1151
63.6025
63.355
64.3273
66.8597
67.1849
65.2194
64.7457
64.0491
64.4779
64.3332
65.0549
64.9986
65.6213
63.3218
65.8068
65.3154
65.2409
64.8131
64.97
64.8204
64.4974
64.4281
66.2143
65.3649
63.6898
63.6633
64.5392
64.7565
65.5167
66.2009
63.1521
63.8863
63.2897
64.0551
63.7065
63.037
64.077
65.0816
63.6523
64.1333
65.4241
65.3017
63.7249
63.503
64.9369
65.0464
64.8692
66.4152
65.4684
64.9489
63.8041
65.2621
63.1653
66.6695
65.4262
63.9157
65.2617
65.8427
64.6375
64.4087
65.9777
63.4833
66.5978
66.9714
62.9669
62.8497
63.773
63.5026
64.2878
66.3919
66.4394
64.7684
65.9429
65.7183
66.3598
63.794
65.1749
65.6548
65.7856
65.1717
64.3636
65.4891
65.0467
65.2536
64.8773
65.3666
avg: 64.8823
