args: 112 64 5 128
core=8
this process 2700 of running processor:  4
this process 2700 of running processor:  5
this process 2700 of running processor:  6
this process 2700 of running processor:  7
53.0319
50.8595
50.4567
51.7855
51.0831
50.8382
49.808
51.6813
50.4698
52.0945
51.5854
49.6626
50.5646
51.8105
50.9544
50.8241
50.3275
49.8283
50.6105
50.2999
50.7064
50.0853
51.1082
49.1109
50.399
49.6956
50.2943
50.9201
49.9926
50.0759
50.2849
50.3255
49.805
50.5824
50.7528
50.4595
50.8169
52.0326
49.8097
50.385
51.8092
48.9849
50.939
49.5295
50.6868
50.4695
49.9864
50.5945
50.4168
50.7102
50.9739
51.5929
49.8457
50.4934
50.2548
50.5211
49.8395
50.2418
49.0725
51.3981
49.7531
49.9063
50.9537
48.9506
49.8969
50.4222
50.3935
50.8385
51.1522
49.4295
51.0475
49.5864
49.7958
51.2637
52.2032
50.38
50.0981
49.6869
52.0615
50.7334
50.6052
50.2295
51.85
51.2143
51.2294
50.9538
51.0945
48.6589
50.6463
51.293
50.958
51.6156
52.1762
50.6349
51.0752
49.6099
51.9652
51.8339
50.9799
51.7746
51.3682
50.9654
51.1201
51.7631
51.0977
50.4781
52.0403
50.5375
49.7997
50.857
51.4281
49.7867
52.0925
50.2551
51.4453
51.4281
50.7507
51.2196
50.2083
48.7206
50.7096
49.7305
50.8936
50.8597
50.558
51.0072
50.3334
49.8571
50.1197
50.3058
49.3001
50.0885
51.2265
51.1192
50.0504
49.7946
49.7435
50.0968
51.446
49.9297
50.5482
49.642
50.4565
48.5363
51.0088
50.6217
50.8567
49.7884
51.038
50.631
51.0578
50.2913
49.2945
49.9046
50.2064
50.5581
49.715
49.1168
51.0855
49.8818
50.1934
49.4634
49.9094
49.8766
50.7859
50.9167
50.5822
51.8745
50.3685
51.432
51.3956
49.2352
50.6796
50.9881
49.1393
50.3722
49.8235
49.8511
51.8725
51.7323
51.106
50.3749
49.9747
51.3926
51.2847
51.9887
51.1716
49.1034
50.3879
51.7359
50.3426
50.527
50.3212
50.7771
51.1331
50.9423
50.2279
49.8684
51.1024
51.1217
50.3067
52.0899
51.7564
51.6782
50.6433
50.6548
49.4881
51.9747
51.4495
51.1926
50.2317
50.943
51.6991
51.0274
49.9451
49.7226
50.5271
50.8477
50.3365
50.7675
50.3782
51.571
50.028
50.8982
51.1338
49.8316
50.5476
49.5445
51.3219
50.7815
49.9082
49.2547
50.8498
50.3902
49.322
50.4105
50.2381
50.0719
50.8462
51.0307
49.9015
50.1803
49.6998
49.8473
49.692
50.1912
50.5607
50.0703
50.4429
51.0474
50.0787
51.0005
49.4654
50.4945
51.4939
50.878
50.815
51.6301
49.182
50.5076
50.7202
49.5071
51.1626
50.2789
49.2591
51.0068
51.4972
49.4269
51.0042
49.3482
50.9182
50.1085
51.1533
50.5712
50.1116
50.0142
50.1716
49.2086
50.0169
48.7631
50.7245
50.2029
50.1763
50.5682
50.2654
50.5927
50.2081
49.712
50.7104
50.6422
49.4984
50.8251
49.8736
50.0288
50.5682
51.0033
50.0622
49.943
52.0383
50.4526
avg: 50.5345
