args: 112 64 5 128
core=6
this process 2700 of running processor:  4
this process 2700 of running processor:  5
101.719
99.2305
98.449
95.459
95.7841
98.0786
95.3184
97.3085
96.2488
95.7131
98.2635
94.3722
94.8192
96.7802
92.5034
93.5626
97.4242
94.777
96.4978
98.7961
92.2803
96.2665
95.647
95.3209
94.0053
95.1244
97.8086
93.5349
91.8813
94.2554
94.0568
93.0576
93.3613
93.6348
97.647
94.3085
96.6446
92.1188
94.903
91.4639
91.9672
93.815
94.1287
93.8031
95.2311
93.4285
94.5793
94.8716
95.9813
94.074
95.2999
93.5704
96.2277
96.0297
92.029
95.4452
96.1522
89.9918
94.523
97.0545
91.9096
94.299
92.9359
95.0283
94.7761
92.5051
91.5876
93.8263
91.0994
92.491
97.067
95.8895
97.2526
94.3644
94.0852
95.4288
94.6953
90.9383
97.5967
97.2919
93.4047
93.9382
90.1964
97.2803
97.2304
92.3204
95.8523
95.3407
93.773
92.386
92.6846
93.91
89.6961
94.1653
94.8128
92.0025
95.2478
93.5108
95.5849
93.6327
94.0542
95.9757
93.6801
96.6389
93.064
94.3292
94.2515
96.7831
93.2543
92.1868
94.8742
95.1571
93.9848
95.7797
94.8809
94.0206
97.8016
96.4574
95.0345
95.2763
95.9275
88.8985
92.7514
95.655
97.4207
91.9841
94.2659
91.9234
93.1233
96.5271
92.7299
95.5825
97.5332
96.8095
92.2647
95.1579
94.6945
94.6034
91.384
91.6872
94.6336
96.4373
93.3446
94.9983
97.6076
92.7631
94.1132
93.3981
95.304
93.2418
96.3815
93.0907
95.2394
94.4662
93.5544
93.1141
96.6388
92.6616
94.1529
91.1044
91.2034
93.2849
95.7947
94.5817
94.8016
98.0554
93.648
92.9348
93.6562
98.9863
98.1162
96.4635
92.7773
91.4981
90.6181
93.2008
95.8883
96.2019
93.7684
94.1682
97.9566
96.0799
89.4691
95.4171
92.6505
95.2389
94.4043
95.1071
95.2551
93.8184
95.8687
96.2204
96.3043
95.8578
91.9349
93.5652
94.2968
94.2676
95.4456
93.9718
94.2987
97.2748
95.1829
96.8163
94.1351
97.4207
93.9746
95.5502
95.6382
96.6386
91.9017
92.985
94.6971
95.8908
90.9076
96.2315
97.283
95.9252
93.5164
94.2438
94.4242
92.396
95.4659
94.1774
93.9341
95.3237
94.7855
93.7418
92.9712
96.3376
94.5937
95.8377
95.9342
91.582
93.6421
97.9225
95.3777
93.1456
92.7178
95.3485
95.7362
91.8446
94.9279
94.769
95.0227
93.8733
94.0421
95.4322
93.5138
93.4236
92.9552
93.9186
90.8155
94.2769
93.4302
89.8824
96.1037
91.3221
95.9802
94.9001
95.3857
93.7538
95.4206
94.7691
93.3472
93.2846
93.7421
95.5501
92.3494
94.7295
98.1069
96.7865
93.4852
93.7537
93.2646
92.3799
94.2541
95.589
95.8678
94.9012
94.6542
94.0827
94.1384
95.5338
94.3413
96.3349
91.633
92.6642
97.3583
93.5015
93.9939
95.5961
95.4502
96.0176
95.1704
92.6327
95.3088
93.7232
91.936
93.421
avg: 94.5115
