core=6
this process 2944 of running processor:  4
this process 2944 of running processor:  5
2671.61
537.343
538.603
540.819
538.924
561.686
534.353
529.605
533.804
533.86
530.705
527.885
526.091
531.985
541.024
537.449
678.282
537.407
543.921
594.82
597.07
539.782
538.999
537.114
536.145
538.029
533.888
634.586
538.308
555.667
590.469
598.574
541.87
536.803
534.232
538.099
538.311
538.505
607.421
534.761
568.916
599.038
573.009
540.248
535.52
541.589
538.062
539.765
537.039
559.276
540.304
580.491
592.086
585.059
539.794
538.427
543.792
540.264
538.871
592.15
549.154
542.986
597.717
591.778
555.663
540.695
538.075
539.111
538.158
538.673
588.266
537.491
550.358
595.184
595.451
532.604
530.127
528.639
531.182
524.935
528.131
534.325
533.821
547.648
592.647
595.922
544.458
537.68
535.15
537.093
538.435
539.198
623.542
537.345
565.954
589.566
577.897
539.996
538.308
537.849
538.351
538.245
537.884
568.788
537.912
573.938
586.629
588.104
540.832
535.263
537.997
538.845
539.131
538.878
564.118
538.746
579.787
594.55
560.642
534.566
538.675
537.534
539.437
537.016
538.993
554.361
539.335
537.654
539.298
586.938
537.561
538.861
540.659
535.841
536.493
536.974
537.588
537.068
535.667
560.367
575.916
539.332
538.603
538.5
536.44
540.344
541.025
569.914
537.968
572.819
587.296
583.141
538.861
537.133
534.054
537.765
537.2
537.094
559.455
538.615
592.936
594.404
556.59
538.467
538.638
539.992
536.528
536.351
540.826
538.682
539.277
592.868
599.38
543.258
538.011
537.952
537.13
538.281
541.185
586.531
537.821
550.534
594.739
596.537
546.555
538.899
535.286
534.599
536.87
537.149
630.876
535.095
566.196
597.121
578.316
537.812
538.023
538.699
538.672
538.961
538.675
590.176
539.898
576.08
590.637
585.456
538.21
538.414
536.803
537.131
538.349
536.193
579.556
538.28
585.766
593.999
559.265
537.093
534.577
541.855
537.834
538.221
541.391
545.107
534.31
583.863
596.44
573.101
535.33
541.477
539.767
538.715
535.042
584.339
538.689
542.794
602.193
598.708
543.747
535.963
535.192
540.91
540.936
537.719
581.969
534.95
551.655
593.644
587.777
539.833
534.848
537.349
537.795
535.76
537.942
577.964
539.563
557.204
584.044
591.27
538.829
538.623
536.937
537.344
536.552
536.297
568.617
536.425
564.98
589.964
574.9
535.671
535.95
538.62
537.398
534.018
678.968
553.598
538.527
588.417
582.713
567.76
535.923
539.49
537.012
536.602
538.39
678.73
535.477
550.077
597.596
595.498
535.702
538.579
540.898
540.06
535.179
537.332
614.999
537.758
565.032
593.699
592.423
539.174
541.814
536.717
536.575
536.847
539.145
589.244
538.153
580.357
587.931
572.286
538.404
537.084
534.308
535.821
536.504
536.666
576.598
538.744
580.309
597.283
579.611
538.367
539.198
538.473
537.074
538.409
535.09
551.901
537.626
592.043
589.66
538.912
539.087
538.911
534.475
537.325
537.217
628.242
538.404
535.441
536.101
554.837
548.965
534.437
540.928
538.759
538.587
535.237
701.824
593.463
538.02
542.527
589.284
540.253
535.431
539.092
537.418
539.601
535.231
611.762
534.385
564.781
595.61
579.672
536.263
538.566
538.362
538.474
535.241
537.985
580.91
539.396
566.145
593.828
589.091
536.841
540.478
536.326
539.297
536.597
538.788
571.662
536.228
583.284
590.15
554.7
537.309
538.785
536.232
536.745
539.879
542.814
547.821
539.441
591.792
590.966
569.495
536.596
535.553
539.154
535.979
538.144
662.315
538.224
549.708
595.405
593.855
536.972
537.423
538.661
535.342
535.017
536.624
620.321
535.334
562.249
590.958
578.391
537.975
540.307
539.566
537.479
536.489
535.715
595.823
534.715
568.206
590.187
574.426
537.288
539.326
534.593
533.434
534.353
532.956
573.118
535.88
582.865
594.909
561.219
536.261
538.017
539.938
537.067
536.024
537.14
536.637
593.856
599.131
587.656
560.437
533.081
539.084
536.066
537.617
704.127
583.247
537.115
559.213
539.033
540.046
535.321
535.254
536.985
536.262
601.721
587.555
564.832
535.76
574.684
547.182
536.616
538.279
536.373
539.137
537.968
695.176
596.719
544.229
537.033
564.922
533.646
536.57
539.16
535.645
538.352
534.525
695.728
593.521
540.734
544.776
576.278
538.785
538.204
536.199
537.376
avg: 554.079
