core=7
this process 2944 of running processor:  4
this process 2944 of running processor:  5
this process 2944 of running processor:  6
2240.83
431.746
427.632
459.777
457.433
447.404
410.19
410.151
409.193
409.885
420.836
432.907
431.009
579.006
433.636
431.528
459.536
466.288
476.54
433.068
432.163
433.89
432.827
431.124
432.92
433.616
564.537
458.272
450.61
462.542
471.022
471.72
459.413
446.099
449.414
445.153
447.605
449.781
571.982
474.56
455.709
461.626
466.968
431.011
432.927
431.991
435.291
430.908
431.646
433.908
433.563
570.571
472.95
454.235
458.626
464.153
455.347
432.721
431.995
430.601
440.963
431.393
439.127
440.318
572.052
475.217
464.823
461.633
456.231
447.283
427.703
430.384
440.572
438.068
432.944
430.035
445.164
569.803
474.535
472.388
476.389
467.878
461.795
434.258
439.492
440.809
457.779
442.267
451.029
475.555
475.526
475.586
484.267
450.727
435.469
454.946
451.591
440.21
448.236
458.395
450.392
480.887
482.204
474.008
480.678
478.93
461.337
446.42
452.606
450.982
459.282
455.975
453.023
482.109
479.591
491.316
471.771
483.168
480.893
444.256
446.601
450.289
460.957
458.099
462.977
482.553
486.632
486.551
480.017
477.654
463.801
451.295
459.203
450.774
450.247
457.316
473.214
463.104
474.996
489.044
482.415
490.875
482.127
455.739
458.324
444.411
458.38
464.601
463.72
479.576
482.185
490.972
489.555
486.291
473.364
458.035
450.762
468.323
463.913
457.669
469.301
486.441
483.949
489.433
490.749
486.618
465.896
462.078
474.303
461.49
444.334
462.159
449.752
475.355
472.356
474.882
483.641
485.408
478.533
464.492
472.474
457.1
467.087
465.063
466.432
576.064
490.626
492.316
484.166
467.538
470.563
466.259
461.303
466.948
468.109
462.968
472.182
557.441
491.872
481.345
487.854
481.062
465.906
461.554
472.759
464.006
464.054
476.329
471.78
572.042
488.238
489.568
485.222
489.288
482.962
471.548
465.937
461.722
472.859
467.686
457.61
479.046
496.127
486.968
491.244
493.151
476.873
480.731
458.557
470.804
472.366
470.107
468.97
477.084
487.794
493.828
506.261
478.158
460.489
474.543
466.463
467.597
465.377
471.855
466.758
483.608
475.739
505.231
506.1
489.519
464.57
480.994
462.697
474.865
470.926
469.462
581.731
480.146
477.71
495.494
504.689
495.368
468.572
474.869
466.873
469.265
474.624
481.027
503.583
490.137
480.9
474.687
472.571
473.701
469.539
468.125
474.253
471.775
473.134
477.912
491.123
503.276
485.563
476.532
496.736
473.781
467.525
471.856
474.437
484.876
475.849
494.543
490.231
501.62
502.205
467.221
464.972
479.506
470.842
476.166
473.915
474.945
500.361
497.792
507.328
489.562
498.801
493.097
459.961
473.631
476.263
478.302
475.689
469.842
591.596
485.994
509.222
488.364
499.283
489.151
460.474
475.451
466.68
470.895
472.345
472.803
500.227
503.714
497.894
488.605
494.44
477.402
473.563
473.665
478.158
465.882
486.041
488.174
471.136
483.896
478.278
472.426
490.975
482.73
461.321
461.724
475.22
490.719
476.307
478.651
504.151
505.227
505.215
494.662
511.143
482.783
473.828
469.149
479.243
475.901
475.114
487.896
513.538
503.306
501.631
506.727
502.943
493.061
479.717
468.248
467.805
484.698
480.293
483.93
493.698
504.982
514.296
504.626
506.841
491.915
480.546
470.971
471.269
476.374
478.547
482.395
480.465
480.23
481.048
502.365
507.764
503.381
483.308
470.54
478.205
471.684
475.227
480.365
593.49
498.284
510.59
503.267
499.725
503.264
482.193
472.223
460.191
468.524
488.009
478.469
586.806
488.868
510.868
507.082
489.749
482.891
481.378
468.037
466.362
466.331
493.275
499.733
515.282
499.485
507.6
503.369
493.984
480.544
484.578
483.946
461.646
478.116
481.921
578.011
505.182
502.515
498.774
504.968
507.792
478.909
486.372
477.456
472.431
468.816
478.398
580.415
497.792
492.258
513.719
494.329
504.855
483.724
496.407
480.726
461.231
470.277
487.992
586.43
590.431
569.629
572.012
587.288
568.064
574.171
477.431
483.741
581.417
570.936
498.6
495.471
504.202
503.292
481.422
474.778
478.584
476.925
489.095
463.601
472.881
570.743
505.206
499.584
502.279
493.805
488.022
486.044
477.1
481.195
492.175
473.922
464.577
489.199
517.009
502.161
507.616
507.423
475.898
480.784
485.007
492.864
avg: 478.872
