core=2
this process 2944 of running processor:  0
this process 2944 of running processor:  1
4294.89
755.974
754.612
751.258
748.57
755.47
753.985
754.491
754.747
781.482
787.839
789.253
787.729
759.91
753.889
757.099
755.541
759.992
760.068
767.61
781.876
759.735
757.934
760.192
756.153
792.163
788.663
781.922
764.96
758.891
759.254
755.665
759.391
781.827
783.244
790.665
771.486
758.527
759.322
759.729
756.991
785.57
792.355
779.547
755.365
755.492
760.111
761.675
758.565
786.952
792.233
783.914
766.218
749.413
757.987
750.719
751.353
750.144
751.244
752.819
757.949
765.666
760.456
761.868
785.332
787.861
785.798
774.839
757.867
759.204
758.551
749.898
751.34
749.731
748.811
757.134
753.896
744.521
754.485
752.086
756.345
758.138
751.357
755.124
759.141
760.358
757.852
753.109
750.663
751.577
751.815
759.704
757.221
758.685
759.162
759.083
756.993
759.655
757.595
754.504
758.507
758.911
758.697
754.459
759.593
761.83
759.11
753.195
759.05
756.8
746.125
746.034
748.908
751.509
750.875
745.815
763.227
763.092
756.249
762.009
760.872
764.326
781.461
764.349
760.981
762.304
756.095
760.947
755.623
755.805
759.132
754.612
760.348
757.384
750.749
754.735
758.332
759.498
759.322
754.051
758.791
751.125
754.699
760.794
761.552
757.569
754.179
755.921
758.542
757.523
761.043
755.535
750.787
753.015
752.697
755.962
760.969
758.452
758.007
755.82
752.674
750.563
755.404
752.994
756.07
754.255
751.94
758.363
759.24
757.034
757.719
753.219
760.459
754.913
752.032
749.876
751.541
757.475
755.792
753.446
755.278
759.05
756.964
758.4
759.353
758.373
754.599
752.766
749.348
749.707
756.231
756.241
758.806
749.16
749.893
754.674
757.007
754.796
755.795
759.432
745.34
747.606
752.351
750.099
748.917
749.584
747.749
750.818
748.691
751.162
743.734
748.559
752.738
754.636
756.488
753.691
747.179
745.145
753.487
751.976
756.111
748.348
749.806
747.073
755.145
753.728
751.698
754.301
754.416
754.016
748.925
746.153
752.594
753.358
749.589
744.342
748.681
744.799
748.336
749.398
756.288
755.497
750.946
746.065
751.429
753.539
748.304
774.055
774.779
785.909
760.712
757.243
753.855
753.908
753.612
754.185
753.659
745.9
747.905
753.405
753.967
751.596
752.877
754.135
746.137
744.404
746.053
751.436
754.345
746.984
746.516
745.356
746.779
751.022
749.454
751.273
754.11
754.116
755.707
753.206
755.23
752.864
747.431
751.918
753.006
753.637
761.01
780.723
775.08
777.996
763.007
754.204
754.61
752.178
758.579
756.341
754.26
753.669
751.415
755.892
754.782
753.402
760.208
752.815
754.734
753.363
748.165
753.175
753.489
755.46
756.459
755.157
754.156
753.894
751.047
756.235
752.461
756.07
756.611
754.806
752.843
753.915
749.398
754.715
753.851
753.78
754.576
756.238
753.995
753.886
746.909
749.495
754.276
753.365
753.953
756.467
752.409
753.276
749.796
753.7
754.103
754.65
754.382
753.882
752.227
752.843
750.204
752.205
755.363
753.583
755.676
751.908
752.758
745.577
751.514
749.102
749.393
755.254
751.185
754.864
754.731
753.207
749.001
746.029
753.496
753.325
752.83
753.443
753.673
747.297
745.429
746.435
747.224
753.958
746.613
755.697
753.397
752.373
750.326
755.108
749.277
747.149
746.776
748.347
752.105
751.316
749.661
753.041
754.235
747.276
747.151
746.898
743.767
751.067
741.803
749.739
745.938
748.278
746.348
745.847
745.775
750.292
750.381
755.005
747.508
753.62
753.966
755.115
746.769
747.498
738.368
739.568
738.087
744.974
745.768
746.115
743.948
746.968
751.568
751.475
754.696
755.025
747.063
753.674
754.339
749.342
750.683
752.186
755.478
747.328
753.734
754.301
748.008
746.105
746.281
751.828
751.836
745.893
746.796
746.897
746.81
749.707
747.941
753.383
753.736
754.291
755.627
747.87
753.227
752.047
749.59
748.25
747.334
740.416
747.206
744.601
744.5
749.631
748.977
752.621
755.064
746.527
745.12
744.734
744.949
751.25
750.859
746.004
753.202
746.331
745.656
747.053
748.745
753.33
750.406
754.721
753.08
744.966
746.601
746.98
747.708
753.061
749.115
754.038
753.176
753.921
753.692
748.789
748.593
749.045
749.11
753.84
754.99
752.554
757.767
751.531
752.127
753.432
754.93
752.702
avg: 754.765
