core=1
this process 2944 of running processor:  0
5956.01
1380.89
1381.82
1458.84
1380.83
1385.84
1384.09
1457.21
1387.6
1385.68
1390.97
1388.16
1387
1386.78
1386.87
1382.42
1379.56
1385.4
1386.1
1386.14
1383.17
1383.66
1385.19
1386.56
1386.56
1383.79
1380.89
1383.29
1385.91
1393.87
1387.88
1384.77
1411.36
1377.76
1379.49
1386.38
1385.78
1385.34
1377.44
1385.4
1381.27
1382.35
1383.2
1385.81
1387.52
1385.93
1377.97
1380.79
1386.44
1384.23
1385.98
1377.4
1385.06
1382.97
1385.63
1379.17
1385.87
1384.21
1378.1
1380.12
1377.98
1376.53
1376.16
1376.63
1382.87
1385.37
1383.94
1385.5
1377.03
1382
1375.46
1375.73
1377.07
1374.57
1380.2
1378.42
1376.87
1377.2
1383.24
1377.95
1384.11
1377.51
1382.01
1382.39
1382.85
1379.17
1377.9
1377.85
1381.99
1375.95
1377.52
1378.03
1378.62
1382.61
1383.74
1383.99
1379.88
1383.77
1380.88
1385.25
1383.63
1385.05
1377.52
1389.12
1384.64
1384.77
1378
1382.77
1381.06
1385.48
1383.81
1376.34
1380.52
1376.32
1377.7
1376.61
1377.17
1386.51
1384.89
1384.23
1378.04
1381.07
1384.51
1385.55
1384.88
1383.41
1385.37
1382.92
1377.96
1378.68
1384.97
1383.8
1379.99
1379.03
1384.48
1384.97
1385.29
1380.7
1377.17
1384.89
1384.32
1387.42
1377.62
1384
1386.42
1386.12
1381.97
1382.99
1384.27
1384.98
1384.82
1380.76
1383.34
1385.05
1383.61
1377.4
1381.64
1377.21
1381.66
1385.73
1385.99
1382.48
1377.54
1376.48
1376.45
1380.43
1382.16
1378.66
1377.94
1375.38
1376.82
1378.61
1382.87
1385.07
1384.65
1389.99
1375.55
1377.35
1379.74
1378.59
1383.5
1385.1
1385.5
1383.84
1384.53
1381.2
1381.1
1384.86
1383.94
1385.58
1380.28
1387.22
1385.11
1385.44
1376.94
1382.04
1384.32
1384.23
1379.49
1380.12
1380.49
1384.86
1385.06
1379.43
1384.35
1379.82
1382.27
1378.37
1382.43
1385.77
1377.97
1379.21
1379.86
1385.64
1379.48
1376.31
1384.29
1383.92
1383.7
1386.38
1386.3
1385.8
1385.8
1385.02
1385.28
1384.36
1384.67
1378.71
1377.06
1378.57
1385.97
1385.3
1384.55
1384.1
1381.7
1381.89
1386.17
1376.36
1378.56
1384.15
1385.58
1386.12
1385.72
1384
1383.54
1384.34
1384.75
1388.76
1381.27
1384.06
1381.64
1384.47
1384.85
1404.5
1374.7
1376.83
1374.76
1375.57
1374.44
1383.52
1384.21
1375.69
1376.5
1381.49
1383.69
1382.1
1383.38
1381.32
1382.2
1383.96
1382.49
1384.47
1381.93
1382.46
1381.26
1384.37
1375.34
1376.95
1374.2
1375.31
1373.92
1373.64
1373.64
1372.84
1375.08
1370.38
1374.11
1378.62
1378.25
1372.63
1371.21
1375.1
1378.92
1378.14
1374.83
1370.52
1373.68
1377.79
1378.82
1374.08
1370.75
1377.31
1376.92
1372.16
1370.32
1368.79
1369.28
1369.89
1373.04
1367.21
1369.77
1368.44
1368.01
1370.46
1369.25
1369.03
1365.31
1369.15
1366.14
1368.92
1368.23
1367.53
1374.65
1369.05
1368.36
1367.69
1367.62
1368.9
1367.11
1368.51
1366.09
1365.99
1368.33
1367.59
1367.75
1366.59
1368.22
1367.46
1364.46
1366.06
1366.29
1368.66
1368.36
1366.14
1373.48
1373.62
1370.59
1365.08
1371.75
1373.68
1369.43
1367.17
1367.12
1369.95
1373.68
1373.43
1366.64
1375.69
1373.73
1373.73
1367.93
1374.85
1374.69
1374.69
1374.28
1368.01
1366.75
1370.98
1374.26
1374.92
1371.55
1367.12
1367.14
1369.49
1374.8
1369.09
1366.02
1366.62
1372.84
1376.52
1368
1367
1367.28
1366.63
1369.53
1366.04
1365.83
1373.31
1374.04
1368.15
1367.73
1370.6
1372.32
1374.82
1366.56
1366.53
1366.61
1374.3
1374.73
1366.94
1367.4
1373.57
1374.69
1368.14
1367.61
1366.12
1365.37
1365.45
1369.14
1366.04
1371.2
1368.13
1365.33
1371.55
1368.74
1367.64
1372.42
1373.43
1366.55
1364.54
1367.6
1366.62
1375.49
1374.48
1375.53
1374.81
1374.7
1369.87
1374.24
1373.62
1375.23
1375
1389.63
1367.6
1366.49
1370.93
1372.96
1367.18
1367.21
1372.96
1372.92
1373.83
1372.05
1375.12
1373.73
1366.02
1368.35
1365.99
1366.98
1372.3
1374.78
1374.07
1374.99
1375.14
1375.02
1371.84
1367.54
1371.7
1373.99
1374.27
1368.58
1369.91
1374.07
1373.45
1374.3
1368.06
1374.76
1374.47
1373.71
1366.49
1371.81
1375.22
1374.5
1374.57
1374.85
1375.45
1375.14
1375.16
1376.44
1375.4
1370
1367.12
1370.47
1374.6
1378.06
1365.23
1369.09
1370.11
1374.27
1370.12
1367.97
1367.61
1373.7
1375.85
1368.4
1366.85
1373.03
1372.91
1373.37
1367.9
avg: 1377.64
