core=8
this process 2944 of running processor:  4
this process 2944 of running processor:  5
this process 2944 of running processor:  6
this process 2944 of running processor:  7
2571.22
400.358
405.993
432.02
428.548
427.691
421.143
423.049
433.325
419.727
411.484
424.8
424.246
461.283
457.529
445.913
458.901
451.88
427.735
436.175
425.397
424.278
448.155
428.897
439.989
420.296
445.598
463.851
454.893
462.049
458.052
448.064
429.477
432.522
433.734
426.976
438.042
439.261
433.567
430.938
467.242
462.244
466.201
465.005
461.482
445.589
433.531
432.448
431.875
442.317
439.722
439.483
427.863
449.335
471.744
464.541
465.082
462.55
454.496
430.138
435.668
430.699
433.311
431.257
447.041
432.805
427.704
435.077
447.299
463.979
436.653
441.717
449.171
433.801
433.545
441.491
438.315
434.594
467.972
450.027
472.523
450.164
480.371
454.944
458.451
452.837
450.962
447.833
452.918
453.729
468.924
455.674
450.925
459.47
472.439
468.823
435.261
443.103
432.324
448.271
435.08
445.083
429.546
474.735
454.879
459.227
466.076
453.239
434.26
442.264
442.943
450.818
443.911
443.57
441.215
464.373
460
466.262
446.366
460.737
466.454
432.305
438.609
439.847
437.083
443.021
441.402
436.598
481.6
466.401
468.05
453.062
454.401
475.618
449.347
435.051
435.255
436.648
438.761
451.5
435.958
434.316
446.532
434.811
440.73
430.702
443.396
472.585
469.838
463.634
456.524
457.284
448.964
456.296
466.504
459.189
466.602
440.984
440.508
421.214
441.434
441.166
442.554
441.325
440.034
450.334
451.165
448.492
461.051
446.983
444.8
444.971
429.714
428.69
443.566
448.477
442.578
441.136
438.082
455.175
454.044
449.458
443.106
452.209
448.483
435.852
443.128
442.141
456.415
453.984
451.854
450.779
455.236
454.286
458.012
437.633
452.142
441.281
436.195
447.871
428.966
443.697
448.717
456.573
450.417
450.324
457.833
451.723
453.828
444.075
456
436.967
446.317
435.086
457.641
451.719
452.272
450.1
443.383
434.213
446.29
439.138
442.256
436.231
444.907
448.839
437.248
445.616
452.751
448.181
454.642
446.281
443.929
458.708
449.599
454.924
452.778
449.053
443.827
439.62
445.841
443.937
447.646
440.192
447.687
441.309
448.051
445.264
450.348
460.466
449.081
448.695
442.062
437.784
447.544
454.361
456.884
453.389
449.502
452.46
453.335
445.026
454.576
443.925
445.311
436.438
423.428
435.528
442.882
450.263
435.184
468.287
476.341
477.464
481.974
465.969
474.745
473.136
465.493
461.882
480.698
477.137
455.119
449.498
438.197
452.057
420.924
424.292
430.581
425.418
436.595
431.325
409.75
414.627
483.941
469.719
474.911
465.761
485.778
447.771
436.332
444.386
441.031
447.201
454.163
468.522
466.291
470.446
469.69
470.831
423.158
421.032
408.781
418.918
421.646
417.665
415.278
458.618
457.999
449.605
449.533
471.183
477.239
465.415
445.587
458.308
436.251
442.664
454.161
444.601
439.196
470.566
440.193
446.616
447.807
450.972
454.691
459.271
451.204
456.037
455.601
435.978
438.589
451.145
451.247
457.832
460.801
458.577
436.945
459.61
443.927
463.216
449.072
454.875
445.359
434.802
451.021
440.227
446.778
444.976
443.363
445.686
459.508
448.467
450.007
445.335
461.847
451.084
447.947
457.165
462.74
449.623
440.789
448.147
451.052
460.902
450.046
449.746
446.169
447.45
445.316
436.81
444.42
450.129
444.845
448.539
449.435
464.322
470.44
470.608
481.73
468.169
465.658
467.163
461.114
458.172
467.427
461.976
434.072
441.891
435.078
451.455
451.263
444.768
450.233
443.974
442.496
444.56
464.746
460.252
471.36
452.503
421.326
430.405
420.259
447.823
447.629
449.365
437.999
451.553
493.602
484.699
457.212
444.772
443.621
450.182
445.193
442.061
444.45
439.292
459.095
443.65
444.781
461.4
454.83
458.048
458.984
447.99
449.558
443.088
453.837
450.874
452.684
455.504
462.273
445.005
442.087
446.271
443.584
446.228
441.176
451.134
440.591
447.62
459.14
444.446
462.534
447.685
452.983
451.558
449.455
454.244
455.146
452.777
447.16
452.9
435.27
459.829
453.971
448.411
468.093
448.779
458.929
448.08
466.028
456.479
453.262
461.08
435.493
444.98
457.476
460.094
451.904
459.055
453.283
453.058
442.062
457.194
450.648
462.905
448.115
448.506
443.608
452.581
450.36
448.503
459.413
451.124
454.787
454.718
avg: 448.531
