core=4
this process 2944 of running processor:  0
this process 2944 of running processor:  1
this process 2944 of running processor:  2
this process 2944 of running processor:  3
3707.87
489.154
480.713
462.727
463.389
463.473
458.407
463.083
486.743
462.595
487.665
485.474
486.232
486.864
459.327
460.211
464.257
459.9
465.849
465.037
461.705
460.997
463.628
453.871
457.084
462.496
455.701
455.843
457.357
463.726
462.775
472.38
487.133
493.527
489.807
484.074
479.039
462.784
463.678
461.622
462.581
463.378
462.105
463.22
464.131
462.468
463.7
462.947
468.912
463.769
477.827
459.076
462.48
461.238
461.586
464.207
463.422
461.519
457.168
467.943
462.452
461.175
461.777
475.179
463.024
462.555
462.672
463.888
487.22
460.646
462.86
461.037
463.755
461.532
460.197
474.953
479.346
486.39
486.165
486.852
489.437
489.364
463.368
459.889
460.673
462.648
461.894
472.484
472.805
479.555
489.722
489.492
492.119
482.72
477.844
462.747
461.156
476.019
463.935
475.763
488.535
486.693
491.945
486.576
482.105
461.643
464.797
464.556
467.638
462.264
481.889
475.837
479.507
485.873
485.769
490.987
472.028
466.954
473.601
481.831
471.656
463.887
481.022
490.081
490.644
487.981
490.774
493.607
470.544
462.53
469.459
474.639
463.521
465.834
464.47
477.141
490.667
500.303
487.801
493.19
476.838
472.213
472.947
479.312
472.401
475.785
471.153
472.551
489.052
486.214
490.45
492.925
488.488
463.872
469.516
474.663
468.238
473.033
482.091
489.894
505.083
491.785
491.894
478.929
471.379
478.626
471.978
475.327
469.036
470.31
472.901
498.799
488.978
487.296
491.186
479.038
492.755
505.753
467.341
490.639
490.236
483.837
493.691
490.176
493.915
509.184
485.741
491.774
479.486
492.529
486.604
474.715
475.062
508.556
484.432
492.14
495.976
489.847
481.336
481.602
487.392
488.684
494.155
475.564
474.25
507.815
488.646
493.485
492.456
482.039
496.585
496.322
475.265
489.593
483.896
490.613
496.898
491.565
491.31
500.809
485.944
484.552
478.185
481.159
478.644
487.873
497.884
479.033
493.553
483.924
480.564
483.707
486.661
481.996
506.174
470.423
494.01
486.317
481.375
469.948
499.337
500.817
512.31
491.452
497.211
471.354
481.216
484.28
478.008
498.554
489.195
490.634
495.962
499.452
488.905
495.915
499.322
499.757
501.012
509.225
497.559
499.985
501.984
503.058
508.7
496.643
496.562
509.493
484.329
488.857
478.047
492.393
480.4
494.412
494.945
496.229
503.015
503.749
495.568
502.933
489.298
489.249
488.461
494.916
498.524
485.865
489.059
500.019
496.045
496.075
505.207
498.911
476.145
478.386
474.23
466.504
483.063
480.618
486.186
508.775
493.791
504.222
491.226
492.404
472.181
472.986
476.238
495.515
486.37
494.09
490.907
489.627
502.881
490.121
484.275
505.952
491.259
471.941
490.386
476.304
468.684
486.74
480.165
493.37
493.917
492.812
488.936
512.081
503.812
508.259
512.545
504.544
515.277
497.086
504.365
499.719
502.792
494.66
486.549
476.615
491.153
491.773
472.2
481.681
474.925
480.469
510.857
495.347
503.576
493.997
496.998
477.659
479.301
475.403
471.305
475.751
498.293
492.126
503.496
502.744
495.743
484.746
475.59
479.602
473.604
476.637
472.921
471.314
486.446
507.936
508.307
495.349
492.195
486.274
483.25
493.967
488.184
491.86
484.029
498.139
497.145
493.636
502.057
480.024
476.312
472.502
478.646
487.076
491.454
489.895
473.633
473.784
491.546
490.67
495.426
503.53
485.32
498.803
471.603
489.059
500.354
492.772
495.156
510.956
497.011
514.48
509.808
513.664
490.955
480.078
475.423
483.789
484.952
516.971
478.478
479.477
479.832
498.139
491.695
500.016
488.017
505.753
504.836
486.33
477.386
481.836
499.023
483.727
480.263
502.571
517.433
505.275
487.55
498.96
490.215
479.551
480.381
497.374
486.772
484.398
509.865
504.805
510.648
509.132
509.534
526.382
519.428
513.821
491.28
516.43
506.125
498.5
493.249
510.509
516.001
505.277
509.429
504.506
510.747
500.671
508.854
518.895
484.586
482.662
496.475
512.04
519.202
530.766
520.784
515.088
477.208
473.213
481.118
480.739
479.829
494.187
481.36
519.987
529.285
523.587
525.326
508.715
472.8
506.517
499.711
501.87
501.235
507.279
516.675
501.563
519.487
505.915
522.071
505.814
493.383
493.672
483.306
493.548
494.329
510.928
avg: 486.245
