core=3
this process 2944 of running processor:  0
this process 2944 of running processor:  1
this process 2944 of running processor:  2
3639.32
567.54
557.784
601.317
606.401
579.515
568.167
568.708
571.699
568.814
558.255
564.407
557.304
555.695
553.691
566.937
556.7
553.412
554.436
552.8
558.762
558.532
559.068
559.02
554.283
548.452
559.801
558.391
560.924
563.861
576.895
560.239
554.477
554.702
548.737
548.502
549.402
564.86
566.001
566.922
577.187
576.643
577.883
580.338
592.413
594.397
584.815
585.761
579.283
578.913
583.082
580.506
580.074
577.65
590.467
590.354
569.503
564.603
570.052
565.145
562.452
565.873
562.594
562.332
565.409
567.683
578.106
582.978
579.1
580.932
576.172
563.39
562.084
560.082
562.888
564.774
567.649
591.547
580.429
581.412
562.52
562.569
563.488
562.254
561.707
571.645
596.4
577.096
591.32
593.752
567.757
568.025
565.301
564.365
562.603
561.602
584.954
593.128
593.237
593.862
564.624
564.37
563.495
563.426
565.215
563.122
575.481
590.49
593.513
590.807
582.534
579.69
581.355
579.075
578.281
578.868
578.824
596.307
583.317
591.539
562.945
564.561
563.189
564.915
561.907
581.427
581.523
588.755
594.903
591.571
568.1
563.045
562.027
567.244
566.99
564.473
582.859
589.628
595.41
590.348
564.055
563.469
569.071
567.943
568.47
566.574
585.34
595.01
589.474
592.458
575.706
567.936
563.474
562.893
565.238
567.51
571.093
595.137
584.613
592.539
568.808
568.977
562.782
567.986
566.791
568.305
562.561
562.312
567.989
589.126
566.451
565.647
566.288
565.994
567.193
571.013
592.058
585.037
580.114
585.589
572.72
567.655
562.832
562.645
562.155
561.657
570.134
577.448
577.663
580.271
567.904
566.473
563.621
565.342
563.867
563.547
562.47
563.065
563.259
563.17
558.743
560.838
560.96
561.484
563.269
560.248
578.016
580.738
580.192
592.842
567.006
566.218
568.048
567.118
564.865
564.355
580.336
592.548
563.334
562.538
562.929
563.267
567.802
565.16
563.014
574.991
581.67
581.551
577.415
579.99
562.861
562.786
561.065
561.211
566.715
565.6
567.373
577.327
589.128
593.388
568.657
565.263
567.854
566.959
565.255
566.542
589.036
580.725
575.368
578.764
564.955
563.636
561.126
565.803
566.543
562.224
569.273
572.719
560.829
562.386
563.754
560.479
564.028
566.855
568.506
571.782
581.516
581.277
565.877
562.736
562.603
561.932
566.711
568.061
564.765
566.612
564.383
577.851
582.285
583.102
568.893
569.456
565.789
563.082
561.536
567.107
584.506
595.098
594.551
581.853
567.597
568.052
568.168
565.49
563.939
579.818
592.049
594.575
594.524
593.825
564.095
560.66
563.104
563.267
564.709
576.306
594.323
593.486
594.15
592.169
564.289
562.444
561.889
563.518
563.834
562.68
589.181
590.816
593.203
593.647
562.896
562.746
563.953
563.959
563.464
563.344
564.786
566.973
568.778
567.529
566.581
567.093
568.731
566.794
565.929
590.983
592.674
592.48
591.711
592.584
568.884
568.984
567.042
567.581
565.495
576.919
596.819
588.443
587.779
590.721
568.546
567.761
569.111
567.502
567.503
567.759
590.715
590.441
593.279
590.373
568.851
568.717
570.923
565.454
567.428
567.128
583.45
589.826
590.566
596.315
591.192
568.801
570.335
572.192
568.099
569.543
568.922
594.017
595.272
596.765
595.454
593.933
591.943
591.771
594.348
593.463
591.696
592.216
591.321
584.427
567.731
569.529
566.478
568.565
566.881
575.363
589.972
595.719
593.622
589.002
592.179
592.079
595.825
595.039
595.754
590.602
592.173
596.197
578.265
570.096
570.249
568.865
568.411
567.927
577.391
594.806
593.694
591.615
581.946
567.19
570.762
569.536
567.074
568.638
574.74
593.099
595.064
588.729
566.28
568.151
569.907
568.814
569.658
570.063
567.332
566.445
566.975
567.853
567.143
568.125
564.55
566.492
564.661
564.242
563.086
565.106
580.056
587.179
566.482
562.934
565.938
565.441
570.276
568.81
589.622
595.13
589.057
589.509
559.641
563.105
562.223
560.526
554.912
562.879
565.133
564.359
564.197
566.128
564.141
561.32
554.341
556.289
562.189
560.37
562.5
569.115
568.513
567.52
570.832
561.554
559.249
561.097
559.352
557.807
561.303
564.027
564.22
567.597
563.094
562.663
560.494
563.14
562.074
575.538
587.845
590.028
591.857
577.869
562.938
560.802
avg: 572.881
