core=5
this process 2944 of running processor:  4
3248.2
972.553
975.441
962.289
971.384
970.585
970.81
973.922
970.745
977.663
968.136
965.588
969.474
966.99
971.186
970.699
970.103
969.435
972.274
966.899
975.728
976.64
970.398
972.398
957.322
971.53
975.104
955.158
975.429
963.783
974.174
965.145
969.318
966.487
965.948
974.506
972.644
973.686
971.531
970.668
971.447
969.245
964.952
963.772
970.222
974.85
979.111
974.398
968.051
969.259
971.453
972.371
972.007
962.585
968.744
965.483
969.628
972.059
970.832
964.819
971.935
972.137
969.02
973.237
959.368
974.76
966.987
957.768
975.641
972.007
973.4
975.241
968.393
966.583
968.785
972.833
971.43
966.835
973.31
966.867
971.279
974.043
973.914
970.299
966.79
967.233
967.616
964.16
973.228
967.426
975.62
974.759
978.07
969.655
966.532
962.74
970.332
975.322
962.573
974.058
974.159
971.34
971.546
969.319
972.928
969.373
962.627
971.513
967.601
977.405
971.91
968.34
973.487
973.667
975.787
975.479
976.897
973.794
976.79
980.121
980.489
967.763
976.94
972.265
970.799
968.094
963.233
967.641
973.509
969.498
978.338
970.129
970.964
974.063
971.676
960.373
973.934
979.653
963.815
977.061
966.347
976.012
979.541
972.11
972.053
975.706
964.348
970.471
972.152
970.293
969.24
968.594
974.994
975.195
969.046
975.61
977.813
970.724
971.836
967.886
966.997
971.689
968.934
976.356
972.139
974.631
968.493
972.537
967.596
971.882
964.89
973.894
966.116
959.459
974.735
974.822
968.051
971.623
966.841
968.616
967.291
972.086
972.025
970.107
974.097
974.323
971.527
965.742
974.191
968.429
972.23
969.759
970.578
980.233
961.274
972.725
965.138
970.044
969.823
966.271
968.695
974.58
964.085
972.749
967.694
976.311
961.419
973.713
973.189
967.892
969.473
971.828
970.757
967.3
976.318
967.092
975.847
972.42
970.701
972.251
969.131
970.632
977.333
973.733
967.062
970.983
969.418
973.57
963.228
970.938
969.104
963.867
971.251
971.88
972.771
969.114
982.246
969.194
978.84
975.579
980.287
972.414
969.287
972.667
970.992
966.048
967.587
969.529
975.105
973.411
968.48
977.736
967.069
973.738
973.6
974.097
971.616
964.189
981.152
978.723
977.705
966.335
972.234
975.242
970.578
966.654
972.249
973.366
974.946
971.252
971.355
978.283
968.612
976.065
963.39
969.381
968.01
974.257
969.181
978.368
974.479
975.26
968.801
974.592
970.473
972.896
977.135
971.393
979.912
973.804
965.931
969.871
973.351
966.11
981.409
969.505
975.213
976.003
976.455
976.084
967.707
963.915
969.091
976.417
973.778
974.793
975.732
973.757
971.191
971.763
973.69
973.729
967.51
973.291
970.151
972.942
965.803
969.946
973.512
967.217
971.763
968.787
975.266
971.335
976.823
972.993
976.125
970.736
971.524
973.213
960.034
972.527
969.986
971.07
971.559
971.217
974.761
971.367
969.193
977.585
979.924
975.234
975.126
966.26
960.106
973.206
970.543
967.141
977.26
968.636
977.006
969.174
968.513
971.51
972.543
967.945
976.55
972.13
970.382
973.386
973.897
978.856
975.168
965.508
981.486
971.404
962.982
977.712
965.278
970.461
972.985
966.752
968.359
966.694
976.426
961.792
973.589
959.477
968.804
972.097
969.593
976.532
975.902
969.5
966.372
973.7
970.536
971.197
970.629
971.689
972.958
969.469
972.799
970.607
976.391
969.346
970.27
966.021
971.518
971.51
961.338
970.666
973.015
970.284
970.899
971.307
974.586
970.861
967.273
969.747
970.805
979.465
965.489
973.73
964.494
974.723
972.393
976.173
971.378
973.198
966.899
970.583
963.056
969.521
975.952
976.905
970.488
971.916
970.547
968.121
974.566
971.739
970.707
970.059
972.405
974.521
970.419
971.432
970.721
971.485
974.2
970.934
972.388
973.441
968.753
969.939
967.494
969.833
970.92
970.405
971.068
968.817
970.232
964.988
972.038
967.901
971.984
962.901
971.804
968.306
972.069
974.351
971.41
969.811
975.546
966.822
967.211
974.648
973.247
976.364
969.341
965.627
975.328
969.866
975.896
968.435
964.804
969.391
976.758
975.939
972.649
970.353
964.237
971.666
972.204
969.178
978.062
968.342
972.428
966.984
969.719
969.663
965.918
965.407
961.175
965.765
964.924
971.767
975.883
969.246
avg: 971.052
