core=5
this process 3127 of running processor:  4
316.55
253.388
253.372
252.81
252.708
253.563
253.829
255.722
254.194
255.229
255.661
251.718
250.573
254.41
254.569
253.808
253.824
252.204
251.403
253.856
252.198
253.434
251.333
252.331
254.743
254.98
253.97
253.41
254.154
254.066
250.916
252.852
250.378
251.887
252.034
254.547
253.081
252.901
251.722
252.758
254.041
252.902
253.98
253.62
255.263
253.411
253.105
252.309
254.669
254.279
254.681
252.5
253.579
255.602
251.341
254.976
253.71
254.458
252.657
252.99
251.797
252.787
253.901
255.617
252.666
253.445
254.833
254.192
256.055
253.341
252.743
254.119
254.718
254.553
254.009
252.689
254.003
255.551
253.886
254.2
254.355
254.294
253.635
254.794
251.181
254.016
252.238
255.868
253.672
254.491
252.817
254.526
254.073
252.981
252.383
255.305
251.632
255.14
253.98
255.122
252.761
254.095
255.097
251.151
252.196
248.961
250.932
255.642
252.279
253.063
255.339
251.509
252.796
252.525
254.328
252.343
252
250.848
253.204
253.548
253.573
253.293
253.377
253.229
252.707
250.691
255.765
252.385
253.979
252.106
255.469
253.497
252.351
252.846
253.071
254.509
254.541
254.476
251.132
252.777
251.028
251.936
250.866
252.357
252.798
252.681
251.155
251.583
251.82
252.253
252.179
253.843
254.148
253.279
253.182
250.567
250.506
253.683
252.387
254.234
254.172
252.153
252.72
252.208
250.445
253.289
253.638
252.198
253.321
252.287
252.89
252.291
251.705
252.867
251.013
253.896
252.782
253.313
252.774
253.01
254.824
253.052
252.17
254.668
251.482
252.612
251.376
251.189
251.638
250.817
252.649
252.794
254.209
249.735
252.29
254.016
252.637
252.258
250.527
255.226
251.004
252.554
251.938
252.146
253.286
252.878
251.547
250.555
251.311
249.412
250.044
251.308
251.126
251.922
250.262
251.729
251.678
252.082
251.766
255.829
252.812
251.32
250.715
250.421
255.754
253.392
252.093
252.849
254.166
252.211
253.754
253.289
253.779
252.321
252.427
251.694
249.44
254.875
252.889
249.371
251.505
250.92
253.473
253.095
250.966
251.282
252.961
250.442
254.483
253.2
254.305
252.992
252.345
250.925
251.214
252.429
251.704
254.338
251.931
251.767
252.488
251.795
251.997
252.6
251.532
250.906
252.698
251.948
252.784
251.908
251.941
251.014
251.534
252.408
253.256
252.449
249.62
250.384
252.168
249.733
251.224
250.277
252.175
252.368
250.533
249.486
251.784
250.968
251.264
253.644
252.291
251.893
254.204
252.892
254.568
249.004
253.796
251.433
253.604
253.318
253.411
252.563
252.099
251.846
252.486
253.443
252.84
252.265
252.67
251.704
252.085
250.216
251.729
254.605
252.068
253.08
249.041
251.977
251.728
251.761
252.15
252.206
254.177
250.824
251.721
249.275
252.77
250.934
250.857
250.497
250.557
251.213
250.966
251.535
253.501
249.914
251.99
253.072
253.101
251.669
251.153
255.886
254.601
251.214
253.991
249.544
253.667
253.601
253.701
252.163
253.331
251.47
253.176
251.566
253.136
251.631
251.623
253.355
251.318
249.5
251.621
253.696
254.325
251.649
249.102
249.809
253.145
252.285
253.125
250.732
255.167
250.711
253.676
250.173
252.556
252.716
248.978
253.228
251.738
252.319
251.875
252.088
252.402
252.395
252.878
254.284
250.095
253.484
251.775
252.357
252.225
251.545
252.249
250.103
253.013
252.971
251.641
251.138
250.136
254.484
254.749
251.065
253.217
253.412
251.502
252.435
253.066
254.107
250.756
251.946
251.386
252.015
251.327
252.782
253.757
251.798
250.842
251.406
251.024
253.086
251.442
251.103
252.712
251.462
252.391
250.247
250.136
251.643
246.807
251.918
250.734
252.445
251.074
252.785
249.872
252.955
250.392
252.745
251.579
253.239
250.435
250.768
253.764
251.756
253.354
250.971
250.819
252.435
251.851
252.291
249.891
250.557
252.095
249.92
251.928
251.559
250.025
251.09
252.448
253.338
252.733
249.525
253.575
251.299
252.529
252.832
254.533
250.415
255.926
251.706
251.758
251.669
251.818
250.623
253.372
253.111
251.079
253.751
253.401
250.689
250.979
252.096
250.657
251.849
251.62
251.666
253.784
251.445
252.05
251.975
251.912
250.491
251.137
255.212
255.03
253.748
253.249
249.917
250.433
250.871
avg: 252.468
