core=2
this process 3127 of running processor:  0
this process 3127 of running processor:  1
406.986
243.622
243.526
243.26
244.125
243.282
244.942
243.927
244.523
246.105
249.848
246.976
243.543
247.791
248.234
252.524
253.949
253.908
256.439
253.133
244.853
242.772
260.248
243.989
245.518
241.93
243.584
245.284
244.749
244.013
243.316
242.559
242.105
241.318
242.079
244.134
244.213
245.105
243.445
243.849
243.418
243.007
244.748
243.117
243.938
245.022
244.504
243.062
242.598
244.921
243.75
241.997
241.617
243.626
244.267
244.536
243.125
244.536
244.779
241.77
242.594
243.506
242.964
244.482
243.133
244.243
245.202
244.367
244.888
243.904
244.333
242.584
243.361
244.491
245.127
243.133
256.566
256.111
251.911
257.352
259.971
257.715
256.774
257.46
251.453
245.69
242.082
243.944
242.829
243.578
244.072
243.274
243.555
242.968
243.834
242.506
243.758
244.092
249.098
255.628
248.953
252.781
258.528
248.407
258.315
250.63
246.805
249.586
253.277
239.883
239.892
242.449
243.278
244.49
243.196
243.246
243.12
240.832
243.919
244.791
250.133
248.418
252.683
250.043
251.439
246.957
257.549
256.181
255.234
251.519
243.615
243.715
242.931
243.938
242.163
244.189
243.394
244.827
243.376
242.965
240.846
243.622
249.431
243.634
251.229
252.653
254.57
251.08
246.253
245.006
239.933
239.68
240.665
240.767
239.777
238.495
240.295
241.825
243.248
244.039
243.25
242.829
242.823
242.794
251.628
251.84
248.559
250.236
254.873
257.12
255.181
258.208
257.428
252.492
247.914
241.721
244.625
244.165
244.591
242.662
244.244
244.655
243.531
244.775
244.122
242.701
250.561
247.241
256.469
250.07
256.332
257.727
251.958
249.862
240.35
241.056
240.891
241.053
239.095
241.161
245.111
242.564
243.643
243.571
242.98
244.178
244.745
241.48
253.734
253.179
241.274
240.892
240.556
241.247
239.982
241.186
240.848
239.709
241.76
241.658
241.118
239.477
240.034
241.641
240.727
242.05
241.538
241.186
240.383
242.128
244.161
250.609
245.508
240.8
251.37
251.664
250.976
255.342
259.068
240.429
243.394
244.459
241.017
240.008
243.091
244.108
243.229
243.897
241.43
241.747
243.315
250.596
243.003
241.575
239.981
244.227
239.823
241.283
240.495
242.457
244.724
244.063
241.116
241.113
240.325
240.376
241.148
241.338
240.552
239.682
240.208
241.084
240.727
257.715
256.05
258.003
250.73
251.871
257.262
255.719
257.493
253.595
256.967
252.398
240.737
241.574
239.585
240.025
242.657
241.961
243.336
242.587
243.025
241.913
240.865
251.767
253.444
254.137
254.72
258.544
249.562
256.689
257.779
257.118
248.599
242.05
239.864
239.464
240.852
240.187
238.601
237.569
239.719
239.159
239.406
241.502
236.655
248.173
247.324
251.121
248.509
248.263
255.728
254.12
255.739
242.119
243.801
241.245
239.375
239.603
242.322
242.696
241.994
240.248
242.748
240.29
244.003
240.731
241.517
246.857
249.714
252.917
250.05
255.595
246.999
256.242
251.113
249.501
252.392
253.514
240.135
239.083
239.288
240.17
239.339
241.133
242.479
243.215
238.991
240.928
242.608
247.065
252.9
250.983
248.507
254.395
257.142
256.243
250.028
244.53
240.929
239.219
242.545
242.275
240.168
240.247
240.668
241.18
242.276
239.462
239.245
240.718
239.174
247.798
254.857
257.8
255.572
251.733
251.073
255.306
256.398
246.744
252.626
254.828
243.521
241.612
242.063
240.939
243.621
242.849
243.133
242.565
241.683
242.345
242.311
251.449
247.568
250.597
253.29
252.064
255.34
254.574
252.388
253.98
242.7
240.833
239.99
239.678
241.141
239.824
242.087
243.757
242.684
240.498
241.314
239.536
240.421
262.61
256.641
260.901
254.973
260.5
258.463
255.956
252.956
240.652
241.114
240.941
242.936
242.847
243.238
241.378
243.189
243.334
242.964
244.357
243.793
241.893
240.872
254.328
255.825
252.499
258.862
261.831
258.843
261.497
265.286
264.153
245.935
243.032
243.23
240.927
242.008
243.187
243.089
242.511
243.323
242.171
243.808
237.212
239.395
240.238
238.489
236.439
240.042
239.717
238.675
238.358
237.34
237.12
237.025
236.104
235.24
237.096
243.343
240.121
240.017
237.663
237.696
239.197
239.724
238.84
239.529
247.769
262.114
251.85
249.456
250.38
247.538
251.689
avg: 245.815
