core=6
this process 3127 of running processor:  4
this process 3127 of running processor:  5
209.43
148.117
145.979
144.776
144.452
145.926
144.559
144.284
143.931
143.781
145.37
143.88
142.91
145.42
148.661
149.578
152.07
150.346
149.976
150.361
151.498
150.732
148.857
150.497
151.17
149.706
151.053
149.948
151.731
149.391
150.183
149.755
149.623
148.682
163.114
173.145
175.863
172.584
169.922
169.713
172.615
146.751
145.005
144.223
145.832
146.674
145.503
145.792
143.885
144.091
143.354
143.559
143.763
144.072
141.973
143.948
143.823
144.086
144.601
143.272
141.865
143.384
143.025
143.897
144.302
145.307
150.941
213.184
163.528
169.351
172.303
171.298
171.45
169.939
171.347
171.064
166.38
171.716
164.22
152.006
149.928
149.331
147.943
149.292
147.405
148.865
147.18
149.126
148.921
149.423
147.622
148.206
147.743
148.507
147.988
148.923
149.574
150.281
150.053
149.535
148.695
201.907
169.822
173.775
169.926
168.632
166.577
173.896
169.291
165.709
169.406
170.988
147.348
149.106
149.148
148.889
148.37
146.771
148.475
150.554
148.709
148.97
148.478
149.679
148.399
146.708
149.901
148.759
149.39
147.017
148.113
149.288
147.894
149.878
149.978
207.18
173.122
171.151
171.932
174.186
163.58
167.562
166.959
164.254
167.983
170.148
168.392
170.539
166.884
151.648
148.126
146.849
149.56
151.433
148.133
147.375
147.811
149.416
148.532
149.921
149.422
148.051
147.152
148.776
149.991
149.339
149.892
147.446
213.52
165.507
167.595
168.528
170.61
165.999
168.878
170.728
166.61
170.043
168.572
166.215
163.969
164.654
148.713
148.718
149.09
148.035
149.496
148.127
149.118
149.324
150.85
151.112
149.926
149.208
148.544
151.544
149.425
149.47
149.114
148.971
151.749
151.114
150.327
151.286
150.204
163.525
175.689
170.684
171.545
166.028
169.883
168.372
171.472
147.683
148.217
151.63
149.798
148.874
150.339
150.991
149.112
149.423
148.094
149.117
149.94
150.124
150.847
150.417
150.391
149.183
148.58
149.87
149.589
149.487
150.013
150.804
148.714
150.145
150.633
147.998
150.644
149.72
148.749
147.465
151.123
149.974
151.298
150.836
149.188
150.255
149.364
150.197
149.91
150.296
148.749
150.943
147.16
150.738
148.866
149.636
150.36
150.009
150.244
151.601
149.757
150.391
150.453
149.684
150.678
148.938
170.613
175.379
176.764
171.409
168.566
172.933
163.234
148.156
150.592
148.216
149.075
147.474
149.675
162.821
173.126
149.82
149.482
149.113
148.72
149.273
148.654
148.789
149.048
149.443
150.566
147.559
150.58
149.419
149.52
149.516
149.104
149.262
150.099
150.665
168.299
172.517
163.814
169.439
172.846
167.243
165.112
166.508
171.057
165.153
173.473
146.851
140.855
144.117
143.568
144.393
142.652
143.992
143.996
143.29
144.222
143.249
144.64
142.942
144.248
142.562
141.951
143.182
142.191
144.054
145.236
140.898
145.386
142.824
143.421
143.724
169.214
165.438
168.644
160.439
169.413
173.494
166.091
170.732
167.285
166.067
152.374
148.494
148.442
146.978
148.224
147.836
148.229
148.88
147.638
147.658
147.872
149.507
148.744
146.985
148.218
147.355
148.663
149.113
148.806
148.138
148.974
148.759
149.176
205.888
172.889
164.88
161.414
169.401
168.608
170.639
168.737
168.702
172.708
171.987
172.356
173.107
165.431
165.421
168.782
151.075
151.052
147.239
149.385
147.833
148.94
147.739
148.768
146.79
147.528
148.937
149.16
146.276
149.129
149.921
150.426
147.881
200.682
174.438
172.306
165.306
175.552
168.092
172.188
167.621
167.229
167.816
164.659
170.72
171.738
166.525
149.894
148.182
147.97
148.896
148.637
147.965
148.314
148.025
147.156
149.219
147.261
148.327
149.198
148.551
146.255
148.944
147.676
148.296
148.822
210.097
170.524
172.843
175.921
173.093
168.904
172.853
171.108
169.536
168.19
168.147
169.35
162.352
148.842
147.749
148.27
148.987
147.12
148.466
149.321
149.419
147.873
148.974
148.386
147.834
147.96
150.871
148.931
148.035
148.473
147.464
148.826
147.795
147.738
146.286
151.011
150.317
170.28
170.947
170.57
173.849
168.321
169.927
171.537
161.175
148.318
145.647
148.026
146.765
147.963
147.629
149.064
147.633
148.342
148.948
148.692
150.342
147.257
146.843
146.847
149.02
avg: 154.932
