core=8
this process 3127 of running processor:  4
this process 3127 of running processor:  5
this process 3127 of running processor:  6
this process 3127 of running processor:  7
178.572
124.24
125.46
125.186
109.04
107.738
108.942
109.011
109.926
109.478
110.102
109.614
109.007
109.078
109.5
110.041
109.903
108.067
107.602
106.524
107.568
100.14
104.916
101.403
112.551
97.8973
106.375
109.066
107.159
115.713
108.41
115.23
108.239
113.399
106.47
116.781
114.986
116.489
114.681
108.473
115.715
108.476
116.26
130.782
124.999
125.023
124.2
124.473
115.5
109.448
115.946
114.753
114.83
109.218
113.336
108.941
115.519
115.424
110.504
119.209
107.157
116.275
114.83
109.192
108.928
119.643
116.976
115.605
116.21
114.904
115.782
109.397
108.826
112.826
107.486
112.062
108.088
127.485
124.333
127.151
128.268
129.819
130.174
125.19
122.26
131.496
119.593
132.392
121.959
129.611
123.198
110.398
114.687
115.117
112.263
121.561
116.025
115.97
111.549
118.227
123.259
115.314
115.446
114.633
116.243
108.001
117.266
124.875
114.708
116.209
120.739
108.769
120.171
121.09
108.516
114.823
115.742
112.891
114.463
110.088
121.853
118.216
117.018
118.275
116.074
113.622
117.547
116.026
116.668
118.4
119.819
118.808
116.508
119.209
112.009
121.501
121.981
118.324
117.799
118.316
116.36
117.785
120.06
121.398
122.13
117.885
118.49
118.571
122.127
118.239
117.275
117.918
122.959
118.866
118.886
117.143
122.163
118.456
118.377
117.072
120.369
123.506
122.246
121.182
118.36
122.619
118.586
116.152
121.826
122.152
126.688
122.303
121.643
116.327
120.255
119.507
116.551
117.022
116.704
121.088
120.412
125.877
123.33
120.231
123.984
122.632
118.188
117.675
117.885
121.947
119.146
124.32
121.242
120.191
117.082
122.721
122.22
121.118
131.923
136.081
134.839
131.683
134.955
129.564
136.315
131.356
131.935
127.835
132.455
132.003
130.248
134.259
131.59
132.68
129.147
132.537
125.393
132.419
131.735
133.237
120.275
111.377
105.95
116.693
115.118
112.929
112.894
111.215
112.424
108.604
111.757
117.103
122.672
105.386
116.45
112.145
110.118
107.438
117.494
113.918
115.748
106.95
116.58
112.487
117.315
116.348
116.457
107.07
115.09
115.975
127.608
129.453
132.743
131.128
134.282
133.223
131.482
133.946
131.836
132.19
134.408
134.548
133.461
132.39
129.667
118.604
115.109
116.165
125.592
119.343
120.611
116.718
121.563
123.866
119.096
116.12
117.73
118.624
120.241
116.494
116.559
116.1
112.727
106.881
115.59
117.859
117.183
111.535
110.711
107.028
116.54
111.673
128.358
124.22
130.046
129.507
124.741
130.938
132.583
134.269
118.65
126.068
126.798
126.493
126.541
129.967
126.328
120.572
110.915
111.737
109.575
115.358
108.08
112.111
111.547
113.954
108.662
105.72
116.989
111.485
106.315
121.421
114.872
116.92
118.646
117.099
117.683
125.234
115.93
119.76
119.333
120.212
115.385
126.088
120.162
134.905
139.883
130.318
130.93
137.859
131.872
134.338
135.279
129.938
131.304
132.413
130.412
133.5
109.992
116.155
119.387
115.018
123.08
121.562
120.718
119.483
115.252
119.239
118.227
119.959
116.175
120.488
121.661
118.553
115.049
121.054
126.737
112.221
111.067
110.534
118.149
107.23
117.288
110.901
112.909
116.918
109.08
122.424
120.243
117.461
118.455
120.658
119.608
116.859
117.755
117.436
113.874
125.521
121.184
121.585
126.666
114.73
124.514
122.208
118.827
121.848
132.53
129.911
138.86
122.781
117.68
117.909
126.967
114.642
125.371
118.307
117.717
117.859
117.306
122.294
117.276
116.065
123.574
124.647
123.969
119.178
118.933
118.025
124.882
118.521
135.457
129.524
126.861
127.063
123.366
130.513
129.052
131.23
129.494
129.192
133.532
128.947
130.796
136.495
129.649
134.833
130.708
129.495
119.098
123.26
121.081
118.274
118.23
119.372
121.373
119.716
117.749
114.323
124.5
116.156
127.687
126.786
118.052
125.227
116.824
124.481
117.649
124.625
126.265
122.096
116.864
118.75
130.877
131.16
133.981
134.054
132.421
130.77
126.427
127.138
127.967
131.584
125.847
124.082
125.079
128.879
134.055
133.579
134.949
130.625
115.247
114.552
122.427
115.819
125.194
114.531
125.067
113.777
119.505
127.288
125.305
121.511
115.109
126.094
119.839
118.805
113.006
124.464
124.077
118.997
avg: 120.027
