core=7
this process 3127 of running processor:  4
this process 3127 of running processor:  5
this process 3127 of running processor:  6
182.88
128.035
126.713
126.31
127.984
127.488
144.882
144.002
145.021
128.083
129.828
128.259
127.992
128.745
127.944
128.545
130.823
144.844
143.315
135.466
127.753
120.188
113.035
114.753
115.605
114.593
114.723
114.097
114.833
114.427
113.772
113.89
113.319
111.932
113.043
113.817
113.509
115.143
112.142
113.633
113.525
114.621
114.551
112.537
114.472
113.849
113.75
113.22
113.478
129.498
134.396
138.329
143.24
142.443
141.773
143.059
141.941
139.006
127.628
126.207
125.694
127.915
126.659
126.421
127.369
135.695
141.899
135.868
125.44
126.338
126.582
126.691
126.083
127.796
126.482
126.983
127.867
127.232
127.057
126.3
124.81
126.608
126.452
128.052
125.56
127.359
125.528
127.738
124.829
167.877
144.262
144.339
141.021
143.171
143.834
144.311
144.18
144.696
143.737
145.567
140.232
144.401
139.553
128.042
128.683
125.05
125.361
128.885
126.989
127.43
128.376
128.039
127.409
127.867
127.501
127.401
127.034
125.654
127.449
128.979
127.473
127.62
127.369
125.729
128.377
124.769
128.96
126.106
143.319
144.298
145.961
144.029
141.513
143.301
144.404
145.302
143.036
145.897
143.125
143.332
139.31
143.16
129.465
127.212
127.738
126.546
127.113
129.25
127.397
127.158
126.837
127.521
128.226
129.39
128.47
126.893
126.565
127.905
127.553
128.901
128.377
127.044
127.258
128.03
127.7
128.427
128.404
142.335
143.665
144.576
143.213
142.533
144.167
144.185
144.768
144.051
144.873
143.742
142.822
145.563
140.001
129.514
127.754
128.739
128.235
127.684
128.417
126.238
127.543
126.963
128.085
130.346
127.047
126.045
127.698
129.377
128.215
128.414
127.136
129.344
128.006
128.111
128.241
126.259
127.619
127.891
144.703
142.06
142.422
144.972
141.826
143.324
141.562
145.079
142.1
143.382
144.037
139.72
144.137
144.336
145.807
144.182
142.524
143.076
132.517
129.302
128.55
126.957
127.349
128.752
127.753
127.658
128.072
128.053
128.076
128.005
125.836
126.162
109.208
107.289
109.088
109.513
108.757
108.719
108.99
109.648
108.586
110.401
110.073
111.444
110.116
110.561
110.568
109.675
110.037
111.523
108.185
110.888
108.788
108.769
111.171
109.577
110.071
110.76
109.125
110.449
109.247
109.993
109.495
107.824
128.24
129.436
128.05
128.234
128.751
128.539
126.173
127.722
128.445
127.816
128.049
126.258
128.086
126.442
127.069
127.314
127.835
128.193
128.375
127.527
128.223
128.767
128.313
129.452
128.332
126.633
128.574
145.659
144.619
144.243
147.98
147.358
143.378
146.271
143.4
139.925
127.624
127.97
127.319
128.303
126.195
125.976
127.614
127.571
127.062
128.077
124.623
127.726
129.148
128.584
127.909
128.105
129.614
127.809
126.338
127.476
128.894
128.164
127.799
143.608
146.249
144.072
145.773
145.675
130.817
126.28
128.339
128.195
128.111
128.397
128.693
129.127
127.723
127.123
127.019
127.181
127.684
129.692
127.177
127.934
128.372
126.351
127.794
128.474
126.802
126.909
126.827
127.769
127.196
127.519
131.46
125.175
133.306
133.281
130.493
133.318
132.763
135.199
135.751
142.742
143.969
140.419
142.821
140.084
142.158
141.85
124.37
126.637
127.727
127.701
126.558
127.412
126.484
127.845
126.672
128.426
122.835
110.443
113.328
123.021
113.346
110.592
113.782
112.937
112.85
121.687
127.454
126.19
126.34
126.959
126.956
126.55
126.654
128.08
127.665
125.79
127.721
129.375
125.206
126.85
194.353
141.434
144.162
139.893
141.496
143.185
142.579
141.429
142.251
144.159
143.517
141.196
140.174
145.238
141.892
142.975
135.49
134.248
134.278
113.95
113.149
114.271
113.491
114.254
124.241
127.187
126.957
127.386
127.225
126.71
126.825
126.339
127.611
126.857
125.508
128.59
126.381
126.664
126.195
185.396
144.056
142.217
142.497
141.749
142.744
140.119
141.168
141.108
141.69
142.775
141.405
142.182
141.829
141.832
140.348
132.466
128.303
127.106
127.136
125.2
128.082
115.809
113.808
113.491
116.003
115.069
114.896
114.965
114.446
115.035
126.723
126.621
125.644
126.058
126.67
124.415
127.207
126.361
125.015
194.24
143.257
140.733
142.583
144.158
145.175
142.139
140.604
140.508
139.144
144.961
avg: 129.798
