core=3
this process 3127 of running processor:  0
this process 3127 of running processor:  1
this process 3127 of running processor:  2
351.457
205.91
201.231
193.925
187.919
187.824
187.491
189.15
187.903
187.15
189.465
188.925
186.693
186.66
186.485
187.363
187.688
187.882
197.376
199.398
202.673
193.433
203.847
195.656
199.316
199.812
205.348
200.06
201.031
200.711
187.549
186.846
185.752
185.204
185.759
187.569
187.953
188.93
187.359
186.846
187.739
188.109
188.821
187.773
190.954
201.733
199.941
200.988
201.664
203.86
202.604
198.639
198.922
197.849
200.147
187.802
186.384
185.967
186.419
184.377
186.056
185.823
185.257
186.521
187.055
189.216
189.283
186.644
187.233
187.398
187.428
185.434
186.409
198.562
202.029
198.682
200.041
197.835
196.256
198.129
198.35
204.329
190.132
190.428
187.87
190.464
187.971
187.762
186.086
187.953
186.915
187.43
186.318
185.409
186.566
187.368
187.92
187.269
186.512
189.399
200.74
197.332
204.247
199.427
194.328
192.281
200.117
225.493
207.263
199.047
197.712
196.756
192.013
186.946
186.857
186.691
188.349
187.42
188.614
189.188
186.552
186.624
188.506
187.08
189.196
183.697
189.282
199.226
200.382
200.698
202.916
198.702
195.911
207.695
201.231
200.733
204.739
203.474
200.654
187.961
185.44
186.911
187.21
188.821
186.692
186.984
187.644
185.587
186.395
185.248
186.092
185.912
187.193
187.553
192.887
184.483
185.503
186.124
186.113
186.351
187.498
187.158
185.533
187.046
186.804
185.609
186.857
185.715
187.647
187.398
186.735
185.366
185.499
185.881
186.577
184.968
186.882
186.673
186.471
190.025
189.438
189.521
187.868
187.98
186.439
187.043
190.017
187.221
187.007
187.298
186.447
187.859
186.109
186.032
187.636
188.33
188.545
190.255
187.933
188.795
198.765
197.839
199.561
198.952
197.353
198.515
199.101
198.417
196.125
188.018
184.697
186.024
186.079
186.457
184.404
187.238
185.996
186.486
186.978
187.334
185.294
185.637
185.036
185.6
187.174
194.195
198.792
196.855
196.122
196.746
198.446
198.247
198.707
196.728
197.834
194.697
194.789
198.036
198.561
190.508
191.16
188.578
188.82
188.288
186.914
186.8
188.371
188.202
187.242
188.174
188.014
188.159
186.782
187.444
187.041
189.191
185.209
196.002
196.667
196.975
198.005
197.497
197.527
199.424
197.258
186.415
187.531
187.347
186.973
187.088
186.841
187.736
187.055
186.846
190.415
189.186
186.931
186.225
186.614
185.614
187.56
186.263
187.116
197.879
197.193
197.793
198.786
196.239
197.601
197.236
198.185
198.568
203.186
189.368
189.749
186.763
190.821
185.751
190.692
189.141
190.49
186.231
188.425
189.024
186.471
190.06
189.137
187.216
188.334
190.673
188.42
187.344
189.871
190.507
203.958
198.17
197.217
198.777
200.213
200.204
200.253
197.496
191.643
190.073
185.615
188.758
191.142
189.982
188.838
187.377
186.563
187.112
186.933
186.712
189.547
184.758
191.047
188.884
186.672
188.149
197.31
189.793
189.518
198.042
198.063
194.386
197.165
200.43
194.507
189.66
187.334
186.29
186.728
187.287
186.536
186.712
187.505
187.082
185.268
188.417
186.758
187.908
188.149
187.649
186.082
186.194
188.504
198.936
205.271
203.118
199.364
191.121
196.136
197.054
197.132
202.694
188.453
190.375
190.901
188.085
190.368
190.772
190.376
190.618
189.411
191.427
188.96
187.896
186.831
187.325
189.042
187.248
200.111
196.937
199.198
199.253
193.34
187.034
187.96
186.77
186.878
187.748
190.831
191.108
187.084
185.068
187.758
189.951
189.542
186.128
187.445
186.259
187.915
186.634
187.864
186.395
184.643
187.894
188.654
190.309
187.682
186.346
184.74
188.293
188.994
198.636
196.849
198.482
201.638
203.776
202.076
203.425
191.249
188.335
188.107
190.008
185.997
186.821
187.403
188.704
189.906
186.893
186.996
187.016
188.715
189.962
188.489
186.728
185.69
187.235
194.809
196.951
197.804
197.444
194.449
198.772
201.644
202.272
196.133
199.489
186.207
189.221
189.175
185.961
187.166
187.79
190.306
187.767
189.748
186.135
187.204
185.181
188.543
184.988
184.931
184.78
188.208
203.817
204.179
195.382
197.071
198.195
199.553
200.927
202.819
193.051
200.569
200.773
200.487
196.85
195.368
195.261
199.619
204.559
201.321
195.234
195.251
199.529
197.107
201.803
avg: 191.493
