core=1
this process 3127 of running processor:  0
582.134
414.344
414.414
413.908
414.335
414.656
419.066
414.952
415.009
415.436
416.285
415.441
414.862
415.237
414.681
415.578
415.115
414.492
414.065
417.249
416.645
414.913
414.127
415.377
416.255
414.959
417.684
423.003
419.146
417.784
417.467
417.733
417.431
422.006
416.638
418.744
415.255
415.701
414.734
414.869
417.041
417.073
418.533
418.167
418.095
415.415
417.965
415.537
415.072
416.08
415.227
414.464
419.973
415.849
414.456
418.705
417.986
418.49
418.507
415.463
414.725
415.787
414.552
415.522
414.861
416.338
416.065
416.164
415.897
416.908
418.359
417.736
417.405
417.306
415.648
415.839
417.829
415.61
415.972
415.41
524.694
415.74
415.397
418.02
416.794
418.724
414.397
419.059
413.63
415.497
414.806
416.573
416.352
417.444
415.128
415.59
415.939
415.814
414.483
417.536
414.567
417.492
417.14
417.078
417.82
416.156
415.665
418.694
415.456
416.011
417.543
417.461
416.394
417.338
417.985
417.147
417.014
414.379
417.393
418.828
415.445
415.179
414.705
414.707
415.288
413.734
417.337
416.497
417.912
415.743
417.971
416.786
413.781
416.429
416.557
417.26
417.648
417.667
417.157
415.833
412.522
416.708
415.769
416.828
416.85
416.913
415.161
415.688
414.482
414.95
419.177
414.224
416.102
415.263
429.284
415.413
416.291
416.893
414.587
415.073
416.746
416.651
416.272
416.966
417.131
423.806
415.583
412.937
414.586
415.105
417.209
415.932
414.855
414.742
415.691
411.741
413.733
412.563
413.56
423.036
412.534
413.172
411.979
412.796
413.715
415.212
415.008
413.362
415.582
412.872
413.545
414.371
412.118
414.074
413.561
416.281
413.279
412.74
412.269
416.805
414.476
414.269
414.984
412.168
411.469
412.134
412.955
412.37
414.196
413.744
410.949
411.554
411.914
413.526
413.398
414.895
413.374
413.473
411.815
412.259
413.512
412.963
412.631
411.319
411.878
412.635
412.927
413.225
413.983
414.397
413.87
414.095
412.196
412.17
416.674
413.72
410.492
414.169
414.489
413.259
412.221
413.966
413.985
413.387
414.214
412.465
411.909
412.591
414.126
414.591
414.264
412.151
412.18
411.746
411.724
413.003
411.724
414.648
413.624
411.841
412.508
413.586
414.116
415.045
411.806
411.461
412.184
412.576
412.012
413.87
413.443
413.013
411.758
411.589
412.066
414.891
409.782
411.559
412.987
411.947
411.686
410.533
412.24
412.11
413.9
414.482
413.306
414.088
411.926
412.662
412.036
412.248
412.718
413.228
413.075
409.653
412.466
411.368
411.496
411.568
412.612
412.192
412.371
413.815
411.642
411.606
411.754
411.312
411.966
411.771
409.529
409.889
412.191
411.873
411.147
415.775
411.414
412.067
412.257
412.262
412.799
412.005
412.327
411.267
411.163
411.446
412.888
412.308
411.489
411.881
411.011
411.74
411.68
412.162
412.338
410.177
412.981
412.027
411.627
412.329
412
412.743
412.51
411.581
411.572
411.46
411.788
413.221
411.905
411.622
411.405
411.14
411.079
411.768
411.79
411.368
411.452
412.304
410.936
411.147
412.115
412.048
412.691
410.741
411.339
410.247
412.636
413.063
411.863
411.535
413.391
411.443
412.055
411.613
412.095
412.181
409.58
414.238
414.524
414.422
414.086
412.866
413.831
415.037
414.927
413.254
411.851
413.025
414.443
415.039
413.837
409.258
411.643
411.387
411.311
411.88
411.39
410.748
411.747
411.462
411.964
409.998
413.564
415.29
414.701
411.737
412.189
413.667
411.461
411.973
412.156
411.165
412.523
411.678
413.323
414.307
413.024
411.268
411.776
411.274
412.211
412.394
410.565
412.192
412.376
412.685
411.552
412.024
409.622
413.274
411.741
411.762
411.878
411.342
409.961
411.372
412.16
411.901
411.268
411.176
412.345
411.815
411.833
412.296
411.364
412.517
412.278
411.917
411.131
413.627
412.367
414.268
415.35
412.091
414.508
414.903
413.153
414.245
412.2
414.243
414.288
412.209
411.591
411.494
411.498
414.811
412.611
411.491
412.868
411.433
412.849
412.409
411.068
412.05
414.389
414.743
412.116
411.839
412.728
412.994
411.345
411.606
410.536
410.532
412.385
410.032
412.305
411.002
410.263
411.744
412.238
411.222
411.197
416.173
411.879
411.845
410.24
411.018
412.604
414.196
avg: 414.08
