core=4
this process 3127 of running processor:  0
this process 3127 of running processor:  1
this process 3127 of running processor:  2
this process 3127 of running processor:  3
306.729
169.007
171.385
169.189
169.794
169.25
167.332
170.806
169.127
167.775
166.7
169.983
169.329
168.061
167.764
167.781
158.987
157.579
156.099
159.783
158.345
157.52
158.495
157.944
159.131
155.515
156.772
154.816
159.806
155.531
157.082
157.396
165.029
163.008
163.359
158.341
157.314
158.77
166.012
166.683
167.18
168.259
169.298
166.222
166.611
166.119
165.423
165.848
157.239
158.106
156.923
155.914
158.198
157.488
157.904
157.24
161.222
166.758
166.704
160.816
157.805
158.783
157.489
159.666
156.187
157.879
157.94
158.737
165.1
165.328
166.535
165.798
165.262
165.672
165.057
165.139
167.216
166.805
158.918
158.668
159.1
165.668
165.375
166.401
157.445
158.592
157.875
159.959
155.42
158.778
159.341
159.46
157.443
158.41
157.101
158.562
158.396
157.55
157.291
159.069
163.505
164.028
165.503
164.34
164.244
164.261
163.995
167.165
166.974
165.065
155.202
155.561
154.923
154.986
155.323
153.855
155.142
153.535
156.208
155.866
155.427
156.209
154.782
154.789
155.926
151.615
155.824
154.523
154.663
152.551
162.294
164.483
165.429
167.842
165.878
164.759
165.324
165.034
164.175
165.988
164.393
164.925
154.607
156.188
156.471
157.365
158.264
159.179
156.694
157.246
155.333
158.969
157.422
158.983
156.638
155.66
162.727
165.566
166.108
158.254
157.906
158.483
164.626
165.946
166.992
165.714
166.288
163.289
160.606
158.256
159.526
156.413
156.592
156.916
157.384
153.133
155.874
155.388
155.124
158.033
158.572
165.645
168.074
168.967
156.277
157.324
157.224
159.845
158.496
156.736
156.473
157.789
158.104
157.388
154.587
159.045
156.201
159.565
155.43
158.198
157.026
159.334
159.687
156.012
155.702
157.228
169.186
165.977
166.08
155.374
157.924
155.448
159.887
156.871
155.631
156.777
156.754
158.882
159.258
157.254
160.08
156.628
157.11
157.439
159.708
157.29
159.163
156.831
157.197
158.476
166.062
170.596
170.187
170.752
166.705
166.078
164.3
167.782
168.266
167.444
157.538
157.097
157.139
156.532
157.234
156.926
157.19
159.861
156.928
158.991
156.178
154.305
154.958
154.622
154.357
156.239
165.106
168.824
166.524
158.352
158.49
168.6
169.006
167.845
166.17
167.708
169.978
167.939
167.296
170.513
168.226
160.703
157.007
158.249
159.742
157.744
155.07
157.973
157.902
157.048
158.394
165.5
166.329
163.237
155.197
157.289
158.183
154.696
156.056
157.719
158.285
158.335
159.924
169.931
169.261
167.267
167.412
165.954
169.41
169.882
167.214
167.095
157.765
159.057
157.094
164.883
168.67
168.823
157.269
156.996
155.415
158.509
157.999
156.671
157.234
159.45
154.326
158.036
158.105
156.838
158.459
158.432
158.56
155.801
162.998
164.728
170.327
165.235
167.851
165.878
170.829
171.224
169.22
155.825
158.313
158.294
159.159
158.486
158.878
157.415
159.593
157.607
158.038
155.523
156.469
160.228
158.428
158.641
157.778
157.926
157.91
156.917
158.038
157.94
156.607
168.001
168.386
167.167
159.158
155.659
156.362
164.414
167.075
168.946
167.678
164.878
157.975
158.217
155.771
158.152
158.443
155.887
157.382
159.639
157.556
157.352
156.845
156.565
156.761
157.745
166.645
168.214
165.257
157.21
156.938
161.13
160.27
169.117
168.645
168.048
166.349
165.063
168.144
168.601
168.259
166.387
169.377
168.29
165.71
166.144
170.393
164.863
165.744
168.644
170.741
167.186
167.063
169.779
167.008
167.476
167.73
168.13
167.963
166.237
168.33
169.668
166.613
168.673
169.669
165.44
168.985
169.485
168.182
166.206
168.501
168.82
169.123
169.654
167.85
167.969
167.436
165.598
165.644
164.292
163.895
165.187
164.604
165.392
164.896
165.136
165.945
166.009
165.261
164.826
164.47
166.372
164.206
165.577
163.851
154.361
153.612
157.792
164.714
165.633
166.66
158.353
156.744
156.604
157.707
159.494
156.996
155.745
155.957
156.889
157.151
156.384
158.266
159.121
157.251
157.773
156.87
158.465
156.971
156.637
156.675
156.597
156.99
164.866
169.508
166.894
160.973
155.583
156.805
168.268
168.31
163.392
168.605
167.411
165.326
166.049
167.706
165.227
168.202
158.217
157.265
159.828
154.186
156.425
156.041
158.396
avg: 161.471
