args: 28 128 7 256
core=8
this process 2464 of running processor:  4
this process 2464 of running processor:  5
this process 2464 of running processor:  6
this process 2464 of running processor:  7
55.7086
16.5475
17.1138
17.0821
17.3366
17.4189
17.2997
16.8931
16.8437
17.2669
16.2715
17.1321
17.0357
17.2669
16.3736
16.0383
17.3398
16.2939
16.3122
17.5886
17.7016
16.3949
16.801
16.4387
16.7635
17.9905
16.1065
18.1217
17.1487
17.2632
17.0711
16.283
18.1118
17.5438
16.638
18.4757
17.1815
18.4803
17.2169
17.3507
17.5542
16.6177
17.9967
18.1388
15.8754
18.2518
16.8312
16.8936
16.8218
16.9202
17.0644
17.5938
17.523
16.8494
16.7286
17.2081
15.4459
17.3387
17.1878
16.3455
16.6823
15.8858
16.4621
17.7526
16.9384
16.6193
16.32
17.2383
18.3486
15.9108
17.5313
18.7661
17.2294
16.7541
16.586
17.4017
16.1195
16.6875
16.3325
17.5006
17.2898
16.6943
17.055
15.8374
16.6235
16.0024
17.2112
16.3689
15.9743
15.9811
17.5636
17.7349
16.4033
16.3371
17.9707
16.498
16.6203
16.1508
16.7489
17.9124
16.4345
16.9993
18.1284
16.5537
17.257
15.8686
17.4444
17.2518
18.1586
16.3189
18.0654
17.3205
17.9952
16.1471
16.1378
16.5907
18.5267
17.308
15.9832
16.1419
15.9373
15.9951
17.979
16.6084
16.9863
17.1019
16.6536
15.904
17.1352
17.4928
18.4533
18.447
17.6662
17.1643
17.5204
16.3335
16.8973
16.3668
16.7052
17.713
16.5131
16.3632
15.8582
17.2284
17.6672
16.6042
17.7057
16.7895
17.143
17.1242
16.3679
17.4559
18.2596
16.712
17.8895
17.2804
18.2393
16.9446
15.6338
17.4959
18.0977
15.828
17.2804
16.7307
16.8332
17.0019
17.1008
16.5735
17.1144
17.4709
17.1258
15.789
17.586
16.9473
16.7765
17.2008
17.9941
17.7734
16.1862
16.5313
17.017
17.2055
16.8114
18.7323
16.6401
17.3236
17.5319
16.6313
17.1883
17.2596
18.1019
17.333
16.9754
17.3856
17.1091
16.3455
17.0269
17.5813
17.0233
16.5881
17.7822
15.9425
17.32
17.7947
16.8239
17.0727
18.0155
17.1357
16.6979
16.966
16.7765
17.7292
16.5193
17.2403
15.9457
16.8707
16.5245
15.8379
16.9176
15.8764
17.1659
16.8577
16.9634
16.7109
17.0654
16.9936
17.7385
16.9728
18.0488
17.9155
18.5543
17.788
17.3465
17.7073
18.1237
17.182
17.788
17.4855
16.8364
17.3975
17.6667
18.0785
17.9166
18.2758
16.9977
17.5157
17.6115
18.0056
18.2695
17.181
17.3533
17.7333
17.1576
16.9129
17.042
17.5069
18.8229
16.5802
16.6391
17.1758
17.4392
17.005
16.9847
17.3377
18.1196
17.5662
17.4303
16.7401
17.5792
17.5714
17.5089
18.7057
18.0233
16.6875
16.7614
16.9571
18.6141
18.332
17.0639
17.0436
17.3137
17.7458
16.5865
17.3533
17.5152
17.207
16.9254
17.1669
17.6625
17.8119
17.1367
18.1461
17.649
17.7453
16.9941
16.9941
18.4017
17.3262
19.1602
17.6859
avg: 17.1417
