args: 28 128 7 256
core=5
this process 2464 of running processor:  4
145.369
61.7581
66.2084
61.8544
61.3551
64.022
61.9309
62.5295
61.4056
60.7513
66.324
64.1683
62.3609
65.7045
67.2298
65.9674
62.0959
61.4077
64.1855
66.9638
64.1329
61.9673
64.6639
61.49
61.642
61.1063
61.6576
61.934
64.8935
62.16
66.7035
66.7868
66.0236
68.5437
66.3074
61.7248
64.1277
63.7316
64.0012
61.1271
61.0662
61.6394
61.4525
62.8492
61.9741
62.1667
64.5171
61.6581
60.7903
61.5769
61.7581
64.4338
60.972
62.0704
65.8389
62.6425
60.8023
61.4525
62.7815
61.6831
65.1954
62.933
63.2808
61.9002
61.3864
61.9642
69.17
67.3897
61.8778
61.2984
64.8623
63.2943
61.3828
62.0288
64.6858
61.2157
63.1298
60.9674
64.07
66.9206
64.3584
62.2818
61.4
66.0424
61.9601
61.1074
63.5124
61.2912
62.3724
60.6894
64.1501
68.1325
67.7509
62.818
60.7014
61.0829
62.6014
62.4828
64.4604
62.5697
66.8785
61.3011
61.6821
60.895
61.1308
65.1762
62.7743
66.9066
61.6452
61.54
61.3968
61.92
66.7421
64.2423
63.3745
61.9481
61.1084
66.2626
64.071
61.3401
64.4261
65.627
61.1662
61.5936
61.6046
63.5577
61.5119
64.07
61.4499
65.7442
62.3053
61.6144
60.8128
63.6728
61.3021
66.0825
63.4427
61.8336
64.2959
60.9216
60.8284
66.0169
63.5978
61.1501
61.5426
62.4167
65.9925
61.0684
65.1195
61.1746
64.7743
63.1007
60.7123
62.5598
62.4651
64.247
63.5354
62.3568
64.4599
62.1569
61.4963
61.717
66.4152
61.3589
62.2787
61.4343
61.2095
65.3334
64.8326
61.3875
61.969
61.5062
61.3406
60.6311
66.6109
63.9622
64.385
63.4792
68.2736
66.9998
64.4615
64.0674
63.2506
64.8009
60.9434
61.1371
61.5936
61.4979
67.5693
61.6202
61.5281
61.3771
65.6218
64.0289
61.2334
67.031
62.6134
65.816
64.1064
61.8071
61.9627
67.7369
61.7712
65.2543
67.0029
60.7217
61.7227
62.6895
65.7515
64.2866
60.7571
64.2887
61.4021
61.172
60.6389
62.8019
65.3834
66.6682
61.8185
64.6713
62.4552
66.8452
65.8467
66.462
61.0949
64.9628
63.9498
61.6702
60.4114
62.1179
60.9039
63.7014
64.6166
63.3339
65.8603
60.6582
63.0861
64.158
64.2611
61.5223
64.0596
63.7223
61.0351
66.7052
61.4172
62.2043
67.0378
61.5406
61.5218
61.5364
65.3444
64.348
65.1705
61.2381
60.2454
61.4786
64.3985
68.0581
64.6734
60.996
63.6577
65.1106
65.6062
61.2563
65.8046
66.4214
60.6358
60.5702
61.6952
66.5297
63.5448
64.9649
62.1491
64.9118
67.0638
67.2991
60.0996
61.2475
61.5229
61.4547
61.0491
65.9706
61.2876
62.9071
63.9107
63.3652
63.3053
66.8837
61.8165
61.0814
67.8129
64.1325
61.8581
62.3011
61.8821
61.3672
62.2897
61.715
61.0127
65.2278
avg: 63.2276
