args: 28 128 7 256
core=7
this process 2464 of running processor:  4
this process 2464 of running processor:  5
this process 2464 of running processor:  6
64.8743
24.9729
22.9812
23.1103
22.823
23.2347
23.8521
23.5736
23.5164
24.8089
22.8615
23.582
23.3591
22.4737
22.6762
22.5215
22.5309
22.4617
22.825
23.6189
23.7527
22.7855
22.5153
23.28
24.0099
24.2519
22.7907
22.7293
22.255
21.9687
22.3498
22.3612
22.6501
23.6059
23.1645
23.0723
23.6694
23.2701
24.1837
23.4955
23.7152
23.4653
23.5299
23.4107
23.8693
23.3701
24.1603
23.2149
23.3394
24.1504
23.8474
25.4034
23.6481
23.0291
23.4685
23.3097
23.571
24.164
24.0853
23.9078
22.4534
22.8115
23.6783
23.3342
23.9287
23.5866
24.925
23.7673
24.8985
22.9661
22.9406
23.5939
23.7938
24.798
23.8667
23.9411
23.4003
22.7235
23.4799
23.9406
23.6538
25.2124
23.5174
22.9141
23.2222
23.5179
23.7012
23.6059
23.571
23.7064
22.9286
24.14
23.3071
23.2982
23.6918
23.3977
23.595
23.1671
24.1332
23.1447
23.0244
24.1286
23.8693
24.0817
23.0635
24.0666
23.3347
23.2634
23.445
23.8891
23.8318
23.52
23.3191
23.6835
23.5236
23.0895
23.3633
23.3815
23.8776
22.8443
22.8844
24.1775
24.4419
23.8183
24.1431
23.6595
23.7954
23.013
23.191
23.4596
23.7428
23.2753
23.4711
23.0166
23.7496
23.6272
23.5231
22.5981
22.3201
23.4424
23.0187
22.9416
22.5054
23.2878
22.6194
23.5793
22.0827
23.0864
22.6382
22.6668
22.8453
22.52
23.2061
23.6387
22.4377
22.5059
22.4268
22.1733
22.6241
22.3935
23.2623
23.3716
22.9359
22.8859
22.8146
23.1363
23.1134
23.3836
22.8771
23.0916
23.7636
22.432
22.2503
22.8625
22.9156
22.6475
22.4315
23.1108
23.2956
23.4648
22.9021
22.8703
23.6569
23.0333
22.1884
22.3649
22.6652
22.1629
22.2264
22.457
23.6012
22.507
23.4164
22.5023
22.6137
22.6579
23.1676
22.5132
22.6017
23.2894
22.7355
23.457
23.2519
23.4935
22.3378
23.7865
23.9708
23.2816
23.0203
22.42
24.0229
23.1811
23.7209
22.1431
22.634
23.1025
22.3831
22.7272
23.1181
22.9687
22.9547
23.1535
23.7475
22.9411
22.2186
22.3857
22.9526
23.0452
22.9161
24.4685
22.3919
22.9755
23.0884
24.0515
22.9859
22.6262
22.4695
22.5772
22.2779
22.6496
22.6626
22.9161
22.862
22.4096
22.2743
22.8079
23.7256
23.2077
22.5137
22.2082
22.4169
22.5236
23.0333
23.4726
22.5689
22.3477
22.2482
22.4695
22.5627
22.4726
22.494
22.5033
22.4065
22.5939
22.7293
23.1587
23.0812
22.6194
22.7371
22.2123
23.3706
22.596
22.7537
22.6392
22.8995
22.9942
22.217
22.4237
23.2108
23.582
23.5512
23.394
22.9234
22.9047
22.8287
23.2123
23.7725
22.7771
22.4674
23.1317
23.0994
23.6559
23.2576
22.8906
23.3935
23.3102
22.6772
23.1197
23.3284
22.9718
avg: 23.1628
