args: 28 128 7 256
core=6
this process 2464 of running processor:  4
this process 2464 of running processor:  5
84.7701
30.049
30.4389
29.872
32.3932
33.9153
31.9507
31.5321
32.6706
31.9038
29.5232
31.9163
32.6592
29.9126
29.2073
32.8643
31.1995
29.3614
31.1584
30.568
31.0881
30.5607
32.3546
29.404
29.3494
33.3167
29.4332
31.1131
29.5009
34.3318
30.782
29.6497
29.9059
33.7415
30.0402
32.3161
32.7373
30.2687
30.5743
32.9346
29.8606
30.8882
29.6138
30.1396
30.6888
29.162
29.2822
30.1084
33.6186
29.5852
30.1474
33.0007
31.2276
28.7877
31.4499
32.086
31.6243
32.9653
29.6664
28.833
30.9606
30.4946
30.087
33.5879
29.8783
30.6269
29.7185
29.5498
29.2192
30.4467
30.4249
33.6358
33.0611
28.9537
29.3744
29.2708
30.3968
34.3406
30.9559
30.302
29.2645
32.3245
29.1354
30.112
31.1542
32.858
29.2734
32.3926
30.4936
29.379
29.9538
29.6841
30.4452
31.9653
29.3879
30.9288
30.2729
29.9329
29.2406
32.2006
31.9512
29.2531
29.1162
33.9809
29.719
33.0975
30.1302
32.5129
29.0839
30.7226
29.0183
30.0157
28.9288
31.5941
29.3301
30.8465
30.0048
31.0943
32.2682
31.7924
30.2172
30.2536
33.693
29.0896
29.15
30.9907
32.464
29.7372
29.2349
31.2344
29.6747
33.1704
31.3489
29.5763
29.4702
31.9965
30.4155
31.8913
31.7982
29.8772
31.5051
32.4827
31.9236
30.0235
33.4171
31.0683
29.9194
29.5331
32.6358
30.9704
28.9246
29.3202
30.9715
31.0183
32.5639
29.4998
31.2599
29.2192
30.0162
30.3301
31.11
29.3239
30.3843
30.1167
29.0115
30.0891
30.454
29.5826
29.4009
30.5155
31.3676
31.3244
29.3702
29.2047
29.9704
30.4733
29.0329
29.1526
28.9022
30.6748
32.2896
30.9887
29.0303
32.6149
29.0115
28.8824
28.6815
29.592
29.3915
29.2744
31.2521
30.2828
31.7659
32.5202
29.3109
33.5947
29.5342
33.148
30.8268
31.9085
31.0683
31.1256
29.0667
29.5009
30.5462
32.6691
31.8424
30.0032
33.3469
31.6847
30.3754
32.9679
30.0823
29.3088
31.4124
31.376
29.5243
31.7825
29.4394
29.1198
29.972
30.1443
30.112
29.795
31.1636
29.5269
32.7779
29.6753
30.2562
32.2479
29.7284
29.4774
29.2359
31.5103
31.25
29.8116
30.0553
30.01
29.0969
29.1719
30.4244
29.2494
33.3214
30.8304
30.8085
29.6206
32.1136
30.0355
33.8737
29.9137
29.2411
31.1917
29.6357
31.7008
30.4431
31.6758
31.5904
29.769
30.7648
30.8658
30.4379
28.8642
29.3994
28.8715
31.5571
32.1162
30.1615
31.9804
30.2562
31.2318
31.5098
29.0912
31.4478
30.2448
33.0538
29.5753
28.9428
29.2307
30.5264
29.2036
30.4691
30.4493
29.1786
29.124
29.4556
29.0615
30.5899
30.6263
30.8325
30.7263
30.9361
32.4306
28.8882
29.5763
29.2458
30.9304
32.3599
31.5176
29.8241
29.9262
avg: 30.6582
