core=8
this process 2747 of running processor:  4
this process 2747 of running processor:  5
this process 2747 of running processor:  6
this process 2747 of running processor:  7
473.987
238.702
214.087
219.572
210.367
213.872
209.098
213.686
220.896
215.226
219.429
213.413
223.641
218.895
217.883
214.549
252.057
256.206
249.912
255.435
250.731
251.725
251.306
249.615
233.381
205.815
212.204
214.479
227.555
222.002
222.535
224.288
218.048
203.246
213.18
210.273
205.951
210.495
207.147
244.4
237.338
238.986
247.131
243.626
243.116
239.758
216.337
206.748
223.499
216.601
212.616
207.646
209.288
204.95
222.321
226.238
228.039
220.528
219.959
224.874
224.872
222.961
225.829
222.354
228.62
228.08
224.735
229.883
228.857
223.182
228.66
229.094
230.343
223.498
228.49
230.292
230.239
219.062
223.75
205.405
208.96
215.089
220.937
224.944
220.464
222.242
223.057
222.448
224.753
219.534
226.115
228.017
217.094
221.163
233.258
224.31
234.913
233.838
228.006
232.727
229.969
230.143
228.926
233.721
224.56
223.581
226.677
230.045
231.121
234.918
228.345
233.31
229.346
234.112
232.177
237.274
236.119
229.899
230.181
238.067
234.207
257.959
249.448
250.211
240.54
241.816
250.656
240.986
232.846
208.915
212.859
215.029
206.216
215.84
223.603
227.476
225.003
227.152
222.816
231.322
237.487
235.725
229.497
237.395
229.067
235.742
228.37
226.14
237.194
229.043
231.038
232.579
233.605
226.595
223.808
224.954
224.682
230.108
236.022
229.74
238.278
232.455
232.013
232.329
235.724
233.44
236.144
231.242
227.26
235.787
247.698
248.057
245.776
246.777
245.509
246.572
251.138
248.669
250.757
252.235
211.215
205.581
234.985
250.669
249.63
257.131
226.099
228.947
225.714
224.03
225.557
233.127
226.234
223.208
229.496
226.659
227.921
223.125
225.481
220.421
230.857
253.682
247.92
260.669
260.358
256.435
241.637
250.704
246.129
248.389
252.667
239.617
212.86
213.95
213.962
213.813
216.069
212.186
217.97
211.984
214.115
216.038
218.156
209.55
248.396
251.919
260.718
250.946
256.222
254.816
258.382
253.971
247.206
208.345
215.13
209.333
227.428
219.96
229.699
228.287
229.998
225.9
227.273
232.416
227.191
228.29
224.492
262.659
254.547
258.535
252.088
248.58
223.444
229.927
228.543
214.007
216.085
206.693
202.898
208.716
202.483
209.35
205.025
224.41
219.929
210.917
213.603
215.147
213.967
211.568
215.751
249.576
240.473
236.151
232.774
235.39
236.326
239.661
237.798
237.807
241.23
234.815
236.547
233.353
232.094
234.511
229.244
229.883
232.915
239.824
233.909
240.853
238.22
233.992
239.732
236.525
238.005
242.778
239.868
239.039
229.526
232.314
225.186
231.815
229.561
233.007
228.73
225.848
228.6
231.244
208.577
213.069
213.156
215.97
221.278
236.226
240.023
239.404
240.404
233.926
241.344
237.381
240.963
234.464
242.44
235.109
235.748
243.572
242.198
236.051
237.85
237.432
240.133
237.205
236.281
238.953
237.227
232.211
236.646
230.199
232.425
232.693
232.8
234.097
225.105
233.903
234.049
226.37
230.001
232.294
215.989
207.346
215.233
217.461
214.486
260.671
246.963
248.681
246.784
262.655
258.369
251.784
257.23
255.891
259.627
225.87
240.959
227.471
231.739
242.739
236.401
239.789
233.712
237.285
239.403
231.295
242.366
232.71
244.006
237.871
236.073
234.108
243.93
238.468
241.459
242.365
239.836
213.737
216.727
213.548
223.513
240.742
237.58
241.379
234.697
233.913
237.476
237.638
240.994
233.2
238.741
232.604
242.806
243.97
236.97
242.059
236.987
241.527
246.463
240.04
237.658
241.461
237.486
236.098
237.849
241.22
237.341
237.56
242.051
230.982
232.338
238.765
229.214
236.744
237.719
237.314
238.423
230.223
238.418
236.678
226.56
220.081
233.061
231.875
231.794
233.709
236.717
225.002
214.171
227.251
217.282
212.28
237.045
228.597
238.476
232.413
246.909
239.153
248.854
236.773
244.322
247.905
242.881
243.397
238.322
240.619
247.193
237.267
244.263
239.422
247.83
246.21
241.049
231.977
240.435
229.881
241.746
240.089
245.867
241.819
243.909
244.255
238.01
238.477
237.442
234.178
234.221
232.27
234.401
232.74
237.464
229.265
237.193
235.552
233.42
235.576
234.681
233.842
229.37
239.184
238.147
242.906
243.495
243.923
244.53
242.816
241.802
246.39
235.919
245.412
avg: 232.226
