core=6
this process 2747 of running processor:  4
this process 2747 of running processor:  5
611.735
276.721
275.624
276.359
320.648
333.227
276.909
275.792
276.484
274.767
275.023
274.628
275.913
274.013
274.816
336.099
332.475
338.924
332.774
337.061
336.649
275.991
275.249
275.448
273.191
266.722
263.115
261.952
264.63
265.519
264.133
263.012
264.463
264.107
266.986
270.729
269.426
268.699
319.941
334.323
322.795
275.373
273.54
274.187
275.187
273.492
274.827
275.116
275.383
274.26
275.298
273.301
276.249
324.745
332.314
333.55
333.479
341.182
339.136
333.459
306.385
275.802
272.603
275.2
275.491
273.394
274.634
275.293
276.001
275.675
273.795
332.121
337.031
334.583
336.991
336.431
334.847
316.981
276.125
274.762
275.117
275.78
275.509
275.782
274.051
273.837
275.194
274.991
275.087
332.347
330.682
335.491
338.538
339.57
334.478
334.064
335.594
288.519
274.091
275.78
273.689
275.209
273.855
273.44
275.295
274.433
277.469
335.52
334.73
335.838
339.655
336.905
330.009
336.589
289.716
275.459
275.454
275.563
274.338
274.263
275.553
277.289
274.925
266.96
263.44
265.141
263.44
265.469
270.823
269.011
269.475
266.06
264.279
261.863
262.751
263.444
265.626
276.152
272.86
273.525
272.481
276.681
274.686
272.919
273.015
311.103
274.834
275.123
272.147
312.509
332.516
330.928
330.625
325.113
272.834
273.818
275.296
274.839
275.678
272.895
274.811
274.632
274.43
272.584
443.81
327.552
273.857
273.416
274.999
310.342
294.309
274.349
272.433
273.215
274.132
274.865
274.234
273.993
274.684
275.177
273.966
275.394
273.796
435.439
324.144
274.698
274.618
274.416
312.677
331.975
333.536
296.515
274.61
276.172
275.662
277.625
274.092
273.197
275.06
276.334
273.159
272.614
441.565
332.134
333.575
335.796
297.875
276.446
271.838
271.25
321.94
294.122
273.664
275.428
275.535
273.629
273.772
272.032
273.852
273.705
277.348
418.217
329.779
327.513
333.728
334.386
313.275
274.586
275.119
276.235
274.663
275.723
274.039
273.592
274.46
272.911
278.482
270.338
275.811
275.5
334.485
341.084
338.379
334.507
332.984
274.917
274.559
274.231
297.268
274.6
273.249
277.65
276.298
273.432
273.725
274.345
274.304
277.073
275.497
330.797
335.852
333.794
336.297
338.885
337.116
276.64
276.213
276.294
274.026
275.384
276.622
275.345
271.99
277.585
272.382
274.553
273.319
275.34
337.4
336.364
331.767
330.968
339.028
335.927
331.438
319.748
274.161
274.641
274.922
275.556
275.068
274.064
274.224
273.443
277.846
329.348
333.09
339.803
338.252
341.863
336.759
331.237
275.691
274.738
268.546
263.538
264.391
263.242
264.532
263.053
263.589
262.548
262.366
263.722
270.422
269.087
267.719
268.323
338.694
333.654
294.651
277.16
275.173
276.255
274.432
276.562
275.74
273.388
273.631
274.782
262.608
262.947
263.785
265.059
270.073
270.158
269.146
269.692
266.428
268.041
266.643
269.245
264.116
264.917
273.576
274.213
274.749
271.251
274.359
274.151
272.686
272.934
275.843
274.612
274.653
273.278
331.526
335.093
327.15
325.66
275.795
274.508
275.685
271.497
276.045
271.906
271.466
273.984
272.635
274.191
274.406
274.27
327.096
275.986
274.579
276.842
273.729
275.786
274.362
275.625
318.301
283.108
276.786
272.766
273.597
273.71
274.824
273.933
274.457
273.226
274.483
328.733
334.052
329.147
331.498
332.002
334.849
291.665
274.604
275.174
274.249
274.334
276.113
274.12
275.157
275.322
272.855
274.311
277.536
274.846
327.711
333.138
333.148
331.064
294.392
273.624
273.9
273.905
329.424
270.495
274.777
273.305
273.041
273.39
274.817
274.447
275.122
272.445
274.351
328.647
327.657
324.952
330.034
331.914
328.396
273.998
272.639
274.811
303.114
324.964
320.117
325.705
326.844
329.217
331.881
328.247
329.089
332.527
328.696
330.552
334.754
296.879
273.659
274.881
275.739
271.098
273.538
272.728
272.377
273.759
274.247
271.831
272.254
271.769
315.073
324.875
332.279
331.217
328.264
331.812
327.25
332.317
290.51
272.361
274.336
273.53
275.151
273.321
273.397
276.498
274.812
274.476
322.524
333.166
334.837
330.625
330.755
336.406
315.909
273.461
273.31
272.7
273.568
273.488
274.522
273.742
272.857
276.509
275.363
272.894
avg: 291.189
