core=2
this process 2747 of running processor:  0
this process 2747 of running processor:  1
1039.81
413.299
405.199
412.9
400.38
406.483
407.376
407.135
406.505
408.153
408.392
441.914
431.6
430.387
436.978
434.764
410.272
406.953
406.457
406.958
407.592
409.162
409.432
407.637
448.616
433.648
438.396
431.146
429.828
450.47
415.393
411.346
416.683
416.641
415.942
416.257
410.035
433.249
437.469
450.305
442.745
452.835
416.182
419.551
418.092
420.505
418.214
420.636
409.316
408.839
412.279
410.833
411.891
408.38
410.043
410.016
408.232
410.576
416.667
415.934
418.25
416.19
416.26
416.249
451.127
453.67
448.653
448.934
452.349
445.233
430.898
416.533
417.007
414.214
417.624
417.265
410.683
415.315
421.781
448.705
453.452
448.64
419.882
417.67
414.683
416.423
415.693
410.86
410.247
408.382
433.343
436.35
451.036
433.593
444.932
443.189
427.734
417.615
414.299
416.761
416.786
416.299
415.348
444.992
445.591
450.59
446.961
435.369
413.265
418.877
415.379
415.11
411.651
409.827
411.147
409.949
437.499
440.271
446.946
438.275
437.704
452.021
423.165
415.746
415.569
418.57
410.855
407.85
411.782
434.555
437.385
438.363
435.367
432.814
416.997
416.726
416.524
415.854
415.308
415.825
410.81
409.247
439.555
438.812
434.793
436.07
429.921
438.12
413.289
407.397
408.48
407.621
408.22
407.468
407.05
429.484
441.919
450.646
449.525
436.034
411.381
410.713
409.145
410.032
408.868
407.94
407.278
416.532
448.672
447.11
436.367
437.739
436.059
437.476
413.225
410.68
408.531
408.647
408.803
406.959
408.947
448.206
443.617
449.556
431.981
427.119
409.133
407.92
405.567
408.469
407.861
413.07
414.67
417.116
447.875
452.448
445.754
439.489
438.298
428.368
407.307
409.663
410
409.069
410.244
414.161
414.786
446.919
427.043
439.93
436.117
431.986
409.093
409.065
409.982
414.915
415.546
414.94
415.014
413.995
437.787
439.428
430.104
433.29
434.251
426.957
406.649
407.602
406.038
407.96
415.442
415.922
415.137
439.052
439.925
449.993
454.066
443.403
409.319
414.982
410.725
413.965
417.179
409.332
408.09
410.097
435.037
444.938
444.706
449.443
433.307
430.472
405.682
415.095
415.442
417.087
415.565
410.881
407.305
433.889
435.502
434.698
430.563
444.918
413.865
420.262
410.206
409.014
408.106
408.286
405.278
403.651
440.566
431.361
436.942
435.859
434.356
441.762
415.165
415.635
408.296
408.696
406.396
408.455
405.96
412.441
405.583
406.769
410.244
405.084
402.354
400.063
404.774
398.695
404.975
403.701
404.48
398.418
407.34
409.248
409.068
403.807
404.786
405.023
405.189
399.065
401.534
404.323
405.076
413.053
410.761
406.17
405.568
409.973
406.824
404.382
402.392
404.204
401.696
404.115
398.691
406.886
407.36
408.332
411.949
414.856
413.747
416.762
410.056
408.299
407.481
405.494
404.808
404.874
404.015
399.374
413.477
420.518
416.041
409.534
434.357
450.943
410.122
405.394
405.769
404.914
404.254
397.061
403.821
404.169
407.046
404.818
408.52
415.36
454.294
454.329
447.766
450.51
432.775
429.65
422.507
407.777
406.426
413.584
409.652
409.649
405.671
408.136
408.235
409.676
404.91
407.684
407.216
405.075
411.163
409.258
413.99
413.798
414.476
407.736
413.597
409.522
408.163
408.731
410.215
405.196
406.248
405.198
409.549
412.85
414.189
415.512
413.478
413.205
406.883
405.685
406.116
404.801
406.355
401.965
405.143
403.809
400.666
397.519
398.423
397.781
397.589
398.108
400.489
405.278
405.475
405.706
402.367
406.512
403.398
399.495
405.517
407.725
408.48
404.225
407.888
408.59
407.572
403.906
406.526
406.722
404.34
402.375
403.904
402.429
398.539
408.205
407.673
407.552
406.835
404.612
405.341
403.817
407.7
408.491
409.111
408.185
402.411
404.317
404.265
404.89
404.079
404.013
407.585
408.892
443.307
450.381
453.518
451.52
449.545
436.606
414.781
415.316
410.081
403.977
403.076
404.475
404.808
406.381
406.693
407.958
407.096
406.115
403.84
398.561
401.911
404.533
408.062
409.851
407.257
406.319
407.201
405.271
405.335
404.705
404.751
402.095
406.836
404.214
403.941
412.354
413.083
410.359
411.52
407.541
407.778
405.781
403.773
404.745
404.917
402.829
404.885
407.429
404.262
407.327
avg: 416.938
