core=3
this process 2747 of running processor:  0
this process 2747 of running processor:  1
this process 2747 of running processor:  2
938.587
307.168
302.616
300.302
306.922
305.047
304.648
305.244
303.287
305.918
303.574
300.745
299.181
302.032
303.751
304.583
311.945
315.269
313.502
299.84
299.504
300.684
315.095
314.179
312.818
315.269
311.078
311.33
312.382
311.076
313.682
311.768
318.187
317.228
317.033
318.368
318.297
319.136
310.608
306.44
299.968
301.457
298.761
300.047
300.108
300.933
300.718
300.106
299.283
313.351
313.409
311.107
319.2
315.979
315.928
318.189
320.092
306.143
305.008
304.253
308.251
306.925
303.656
305.003
304.547
305.876
301.083
301.124
311.957
311.451
312.07
315.233
319.969
316.084
317.242
345.144
310.759
305.494
306.122
305.37
304.862
305.978
300.358
299.714
300.859
299.535
299.751
305.886
312.385
309.931
311.494
319.547
317.964
308.172
307.11
310.824
304.831
304.958
303.285
307.837
303.477
305.018
298.679
302.148
299.455
299.792
299.455
299.36
300.151
300.086
299.002
307.266
302.733
306.584
306.579
303.27
303.947
311.552
305.415
303.841
299.807
300.148
300.127
304.932
312.965
313.985
312.303
312.411
314.327
305.116
306.516
304.409
307.002
305.193
305.631
306.03
304.746
302.112
296.918
299.698
299.589
299.985
303.037
299.434
299.835
301.511
310.704
312.29
304.371
304.33
305.713
304.555
305.014
306.769
306.273
302.106
304.11
305.325
303.269
317.898
319.297
317.287
319.769
318.339
319.868
314.347
308.216
307.841
305.951
307.058
306.998
310.383
308.311
307.033
298.67
315.898
315.081
316.859
315.124
316.721
317.595
315.689
316.396
309.435
307.425
309.786
311.441
306.324
307.059
308.101
303.58
301.763
304.375
301.836
309.489
313.101
311.766
312.109
318.851
317.426
319.319
343.175
337.757
348.732
343.769
338.495
333.01
337.638
330.803
335.069
342.792
346.131
341.085
345.813
348.257
335.961
306.582
309.099
303.862
307.628
305.356
305.763
304.778
299.438
300.172
298.617
310.535
310.513
309.885
312.521
312.383
311.885
316.566
317.411
305.608
308.214
311.233
304.163
305.635
305.585
305.619
308.088
308.663
302.907
299.257
316.064
319.401
317.845
314.256
318.062
316.049
319.166
312.885
308.246
308.002
305.555
307.43
309.878
307.857
301.733
303.288
300.979
299.709
304.352
312.884
309.907
315.403
316.199
318.314
316.209
305.674
304.89
304.587
306.153
306.436
303.675
302.425
304.533
305.28
301.187
310.433
313.294
313.225
312.567
315.681
315.266
312.917
317.089
310.826
305.825
309.027
307.071
306.412
304.345
305.364
298.843
299.34
298.095
299.447
301.802
299.007
298.358
299.634
300.732
305.359
302.851
307.051
309.686
305.777
308.114
305.992
304.988
303.944
309.846
303.73
298.976
310.468
311.327
310.177
312.624
313.469
312.621
312.697
317.508
308.033
308.316
307.71
309.814
309.651
305.433
301.468
298.343
300.68
299.372
298.336
305.851
312.28
310.259
309.668
307.902
309.63
310.967
305.674
308.803
305.366
308.091
308.393
303.177
303.028
304.822
302.426
296.953
308.214
307.936
312.129
310.669
311.232
311.48
306.601
308.249
306.315
306.305
308.442
306.706
306.31
307.478
304.678
304.088
302.189
303.091
298.788
307.012
312.144
308.848
311.224
308.783
310.869
308.753
305.387
306.647
305.864
304.466
309.853
310.463
303.472
305.965
302.922
303.061
308.588
311.787
308.978
313.487
310.401
311.418
309.108
310.665
306.748
305.342
305.97
306.698
307.875
308.219
303.975
302.825
301.181
302.323
302.084
299.545
298.327
299.407
306.064
310.61
311.494
315.588
346.661
345.965
352.226
336.509
346.771
346.792
349.47
329.725
316.108
314.537
315.722
315.331
312.662
309.502
310.174
310.37
310.341
305.631
303.105
306.333
303.845
300.807
304.268
301.647
297.442
299.774
301.806
301.7
312.716
315.015
316.954
317.68
310.07
311.236
320.464
329.437
330.249
328.86
326.579
329.293
330.999
331.313
330.666
330.407
336.385
336.735
332.231
338.945
336.728
328.568
327.491
310.301
310.945
310.249
309.826
308.064
307.656
309.208
309.012
309.186
308.737
308.362
321.474
338.033
330.822
328.647
331.039
329.969
310.644
310.036
309.589
309.494
309.132
310.618
308.95
309.92
309.173
308.618
319.331
326.13
326.136
323.635
308.395
309.187
310.101
306.54
avg: 310.526
