core=7
this process 2747 of running processor:  4
this process 2747 of running processor:  5
this process 2747 of running processor:  6
524.291
278.962
277.271
277.951
278.348
277.759
241.005
237.213
237.975
237.087
238.522
238.276
235.755
236.799
236.722
237.69
237.418
238.641
237.695
237.159
236.463
269.569
279.329
277.337
277.466
273.683
236.088
235.7
236.79
236.897
237.338
236.89
237.617
237.729
237.126
237.364
238.693
237.613
236.568
237.864
253.249
235.406
212.654
213.078
213.735
213.878
255.166
253.748
259.101
263.29
258.537
234.224
212.953
210.24
213.177
214.017
233.263
262.013
258.325
261.674
262.08
262.688
390.062
275.055
273.976
271.723
266.693
268.133
260.03
273.181
247.06
235.128
238.218
235.567
237.189
238.153
236.294
236.554
236.847
236.478
235.64
236.659
236.866
236.45
397.067
276.992
277.525
278.491
276.046
265.393
263.47
266.293
267.838
274.101
244.996
236.393
235.421
236.558
234.809
237.265
236.269
235.045
236.787
236.583
235.782
390.276
277.041
273.608
276.225
275.231
274.64
276.934
263.818
218.064
215.156
213.382
228.235
237.678
237.342
238.268
236.601
236.132
236.068
236.455
236.285
237.05
235.39
272.126
276.594
275.057
277.807
274.302
275.963
273.572
216.247
215.126
212.117
214.418
220.928
236.369
235.114
236.077
235.941
236.327
237.814
236.403
236.014
236.5
235.897
388.35
274.904
270.59
273.394
272.625
274.812
275.253
276.653
248.856
236.907
235.991
222.123
216.152
214.74
215.258
214.714
236.529
234.935
235.888
236.686
235.665
236.346
271.32
278.46
278.42
278.69
279.405
276.613
280.075
245.057
236.53
236.878
236.96
236.382
237.117
237.331
220.01
221.796
220.733
219.719
230.377
236.085
236.679
239.019
275.034
279.68
278.21
278.63
279.424
277.157
278.852
278.765
275.728
237.434
238.196
239.394
237.23
237.931
239.16
236.792
220.331
221.63
222.766
221.949
230.934
274.68
277.637
276.853
278.308
278.785
278.152
278.287
279.924
245.317
236.515
236.777
237.932
237.696
237.412
238.48
238.113
237.73
237.801
235.592
219.232
218.296
265.872
271.775
280.218
278.308
278.966
281.079
272.336
237.924
235.983
235.746
235.78
237.119
237.701
215.552
214.01
210.106
213.336
209.985
210.273
210.305
212.749
211.265
232.887
223.39
203.149
204.232
211.366
203.691
247.967
271.224
273.367
279.827
280.477
251.205
238.199
236.852
235.46
235.665
236.414
235.693
236.249
235.21
236.295
237.204
279.049
278.181
280.837
277.342
205.259
205.178
205.399
204.059
224.881
253.331
212.501
219.948
211.45
213.554
211.294
212.991
218.416
218.788
218.367
218.81
243.977
236.039
235.879
388.968
276.055
275.746
276.858
277.993
275.113
265.12
246.45
214.265
214.545
230.27
238.028
236.605
236.761
234.427
237.002
234.519
235.681
234.723
236.65
235.281
237.339
271.414
276.411
274.33
275.214
275.355
273.873
275.617
274.488
268.078
230.336
215.471
216.121
216.892
223.934
212.652
222.606
223.353
236.028
237.234
238.203
234.932
235.808
330.394
255.382
262.005
263.148
269.671
273.475
277.624
274.252
244.423
235.261
237.038
237.489
234.15
235.675
226.669
223.318
231.836
221.151
222.881
247.191
234.925
244.898
280.222
274.46
275.376
274.582
271.067
278.467
276.953
273.812
275.289
262.859
237.206
235.961
233.976
222.286
229.448
223.665
232.293
248.843
243.139
235.828
244.474
401.274
275.306
275.909
275.918
276.309
271.7
274.83
276.739
251.309
237.933
243.852
235.95
244.221
244.585
243.888
224.731
214.099
222.695
226.791
243.867
243.248
393.642
271.502
272.7
275.283
273.091
277.554
253.045
235.804
235.582
233.892
237.053
236.365
243.792
236.468
236.14
246.635
244.634
234.948
225.783
222.375
223.609
262.311
275.817
272.99
275.116
275.683
274.452
275.652
276.894
277.445
274.455
237.044
234.565
234.532
244.64
237.08
236.511
243.572
243.759
236.563
245.691
237.478
273.055
267.409
266.029
272.043
274.783
276.018
273.306
276.307
241.977
235.211
243.462
235.986
238.373
242.671
234.784
246.124
236.734
243.041
233.692
243.201
241.634
406.328
277.06
267.454
263.006
265.634
269.942
275.208
237.627
234.319
237.016
245.571
243.502
244.12
236.661
244.733
236.423
243.104
245.104
236.615
243.778
236.503
302.988
275.25
275.938
274.588
268.057
262.285
avg: 249.263
