core=4
this process 2747 of running processor:  0
this process 2747 of running processor:  1
this process 2747 of running processor:  2
this process 2747 of running processor:  3
875.753
262.246
265.615
266.446
265.246
263.646
266.818
277.425
282.244
283.25
283.836
280.761
281.159
283.248
282.134
281.589
264.497
263.493
288.122
279.864
266.011
269.908
269.044
267.736
267.772
267.982
265.482
267.62
267.067
266.484
268.206
264.69
271.975
287.61
284.564
282.631
275.656
273.534
275.006
275.577
268.975
305.482
279.885
282.629
279.439
262.135
257.574
296.037
296.05
267.743
268.079
263.417
265.499
262.281
265.576
265.936
267.236
265.354
270.122
266.579
268.561
267.377
296.681
270.49
269.909
270.69
269.108
267.255
268.782
281.269
288.543
286.44
283.987
288.267
270.056
268.475
288.033
297.759
269.251
269.762
269.292
267.519
270.836
273.399
270.361
268.913
268.435
289.755
286.439
289.071
289.995
286.559
278.567
299.126
301.426
303.733
296.195
304.453
301.28
301.342
300.77
298.938
271.069
297.151
271.374
267.98
269.562
269.794
271.704
268.999
267.991
270.524
297.332
304.177
299.706
301.96
304.863
303.212
300.327
298.834
270.626
270.291
273.581
270.449
268.091
272.091
270.963
271.122
272
271.28
271.063
293.889
303.486
302.833
304.152
299.752
302.108
270.769
268.407
270.249
268.586
267.339
269.285
268.173
269.905
270.327
268.348
288.327
290.31
270.437
301.645
298.639
301.515
301.092
299.72
299.783
307.153
298.862
291.42
271.016
269.126
271.45
266.841
267.869
266.395
270.376
264.943
269.943
271.263
294.977
294.207
301.966
304.453
302.005
301.415
299.439
267.545
267.324
268.753
268.027
270.524
267.462
271.339
269.648
267.341
271.027
263.617
269.822
299.411
304.164
300.499
304.096
301.922
303.826
274.638
269.807
266.936
268.284
263.484
264.467
263.581
262.856
263.196
262.066
280.153
278.965
265.209
293.931
292.91
294.319
296.448
298.662
293.362
294.569
294.005
270.89
262.715
261.651
263.21
263.36
262.417
263.925
265.775
264.34
264.186
262.417
262.939
261.861
263.832
266.072
263.076
270.234
262.948
284.145
287.759
262.203
265.626
263.346
264.117
266.115
266.133
266.64
266.958
263.884
264.253
263.885
265.523
269.156
268.902
267.62
264.422
298.767
294.975
294.172
296.391
294.796
271.716
262.254
262.805
262.88
264.355
262.932
271.218
282.798
270.277
261.09
265.055
286.581
297.935
289.753
300.845
294.656
296.701
296.185
282.031
260.376
263.868
264.011
275.108
264.434
265.653
264.616
263.453
265.986
260.936
261.905
263.763
283.799
284.347
283.824
284.019
284.175
283.086
282.128
286.463
282.243
283.837
283.509
282.396
285.493
283.712
283.823
284.181
284.559
284.404
283.677
284.475
282.685
283.104
284.16
283.432
283.116
281.978
283.793
283.206
284.185
280.933
283.168
281.703
283.384
286.498
285.579
282.681
283.257
281.772
284.077
281.605
281.707
282.418
281.934
281.002
282.854
282.174
265.925
262.286
266.947
263.259
266.819
261.893
261.622
264.148
264.259
271.265
267.526
276.975
267.561
268.109
264.364
265.827
267.947
266.168
267.943
268.134
265.469
265.926
267.874
274.852
285.242
282.454
283.734
281.816
284.028
281.969
283.572
286.958
282.718
284.125
282.817
282.772
283.219
282.49
282.61
282.124
282.35
280.888
283.624
281.999
283.334
288.336
274.223
263.986
261.292
262.844
263.505
262.378
264.442
263.791
261.736
264.396
262.396
262.201
263.075
261.094
282.469
281.065
282.812
284.461
281.325
283.272
281.216
281.277
280.135
283.106
281.344
281.301
281.945
279.822
283.278
283.739
283.821
283.802
281.691
281.827
282.316
282.369
280.835
263.207
263.727
264.556
260.767
262.632
275.031
279.677
262.946
263.793
264.805
264.128
263.621
264.447
280.282
281.767
282.923
282.061
282.662
283.244
281.044
286.475
285.523
281.014
281.781
280.502
282.188
262.298
262.409
266
265.102
263.105
261.059
265.342
263.722
268.918
288.921
287.035
286.216
289.061
289.731
292.469
284.314
285.608
284.899
291.716
283.434
290.182
288.712
288.643
287.348
286.422
285.114
289.45
289.725
287.284
283.573
283.59
284.13
283.729
283.775
283.122
283.912
286.683
287.865
285.002
282.324
284.296
283.069
283.477
281.123
282.922
287.518
283.795
284.849
291.182
286.181
284.297
287.728
283.905
285.816
284.44
283.864
286.074
281.433
avg: 277.907
