core=5
this process 2747 of running processor:  4
761.573
475.892
474.146
469.497
475.731
474.032
472.348
475.046
472.849
469.107
475.645
479.489
470.05
470.393
477.019
471.563
472.108
471.387
476.21
474.338
476.555
474.277
475.697
475.121
475.261
474.63
475.14
472.77
472.3
472.45
471.96
466.556
470.167
475.122
472.704
474.363
479.06
468.188
476.592
473.341
471.742
471.348
469.122
471.921
467.59
469.946
476.848
473.645
468.381
471.99
471.488
470.614
474.244
470.392
472.079
473.789
474.124
469.171
467.98
468.691
471.8
474.241
469.063
469.363
472.386
471.455
471.121
471.718
471.275
471.858
475.561
475.52
473.25
470.149
476.567
473.975
476.381
466.439
472.109
471.985
469.681
469.561
472.394
469.999
470.269
473.145
472.225
471.458
467.873
474.161
471.466
473.56
474.356
475.738
468.355
470.989
474.049
471.377
470.131
477.237
469.156
473.425
471.257
465.846
472.959
470.345
468.421
468.932
470.17
472.15
474.103
466.761
476.93
469.69
468.072
474.386
469.141
475.052
471.076
470.156
469.897
476.607
473.237
474.737
473.522
473.325
471.357
468.872
473.306
474.337
468.979
471.816
472.816
467.548
471.753
466.028
469.506
471.278
464.624
470.492
471.662
472.858
468.676
468.409
468.814
469.789
476.476
473.763
464.482
472.202
471.212
470.527
467.738
472.012
472.386
471.142
468.602
472.245
472.981
477.265
468.826
471.054
471.411
470.109
471.86
475.118
471.387
471.56
470.925
465.204
465.884
466.046
472.452
473.294
471.83
471.881
471.32
475.283
466.561
468.249
470.344
472.477
475.034
467.607
473.452
473.555
474.536
469.346
466.369
473.588
472.216
470.557
473.122
469.183
468.567
473.544
471.216
472.565
468.546
470.95
472.066
469.421
471.426
469.115
470.164
472.369
467.796
469.647
472.081
470.634
471.093
475.125
471.388
468.018
471.225
470.871
465.861
466.937
471.707
469.07
472.874
471.26
474.85
465.169
464.526
473.65
470.524
471.726
468.666
468.482
474.657
467.97
469.057
468.805
475.075
470.215
470.944
468.807
476.529
471.467
474.363
474.252
474.252
468.215
470.378
473.297
469.355
469.996
472.614
472.135
475.282
472.998
470.322
470.145
464.938
473.401
471.627
471.86
469.9
474.456
473.93
474.899
469.625
473.015
468.23
470.484
470.344
472.815
468.595
472.846
474.654
469.671
471.654
471.183
470.634
467.917
468.242
470.53
471.18
471.073
472.433
471.551
467.752
467.226
467.676
472.282
473.235
468.346
471.748
474.524
467.682
470.225
472.503
473.396
480.611
474.391
475.016
469.504
470.357
472.731
472.929
471.519
471.37
472.98
470.834
472.878
473.139
470.512
475.206
470.83
471.436
470.513
471.043
471.24
471.222
467.797
472.903
473.768
476.531
472.842
467.859
469.604
470.653
471.508
474.865
472.93
473.9
473.415
472.603
472.289
471.894
471.989
471.231
470.791
469.98
474.187
469.192
467.459
468.305
472.766
470.294
468.575
473.827
471.326
471.787
469.986
473.072
466.354
472.958
475.695
477.318
471.067
472.83
471.079
471.529
471.586
473.077
470.142
474.72
475.568
472.842
475.442
474.754
468.106
474.33
471.637
471.07
466.551
472.349
477.194
473.504
470.267
469.549
469.861
473.802
471.727
470.477
475.088
474.291
465.938
473.354
472.951
470.474
469.771
473.959
471.997
472.099
473.006
474.801
472.387
473.473
469.604
476.347
472.859
468.951
472.634
474.901
477.629
472.646
471.503
470.189
469.956
473.497
468.722
473.749
469.102
469.44
471.919
468.617
472.114
472.874
470.162
467.795
475.685
471.417
467.701
468.397
463.398
474.539
469.61
472.256
465.556
471.439
470.232
471.869
474.554
469.065
470.279
470.442
472.425
473.75
470.787
471.576
468.392
470.073
470.394
470.429
471.709
474.888
472.772
470.63
468.588
473.06
467.801
469.073
475.027
470.508
472.061
474.752
469.765
473.482
470.351
469.44
472.919
471.916
469.049
473.539
474.003
473.61
471.679
468.725
468.256
468.438
468.137
473.126
467.514
468.017
471.284
473.017
476.73
471.482
472.495
472.206
475.489
470.944
473.803
472.667
469.562
473.154
472.404
468.894
469.261
471.971
468.13
471.106
475.853
472.844
472.173
472.911
472.604
467.204
476.392
466.839
471.954
471.658
473.479
464.807
476.359
472.706
471.25
avg: 471.574
