core=1
this process 2747 of running processor:  0
1498.56
727.539
732.015
728.393
728.797
727.872
728.133
727.762
727.521
726.886
733.315
731.397
729.51
730.059
730.734
729.67
730.106
740.706
735.073
735.945
734.673
735.378
736.323
736.007
753.225
812.489
730.575
731.754
734.977
733.599
734.305
752.114
735.962
734.038
733.353
735.251
735.04
734.77
762.337
735.132
733.879
733.996
732.725
734.7
733.459
813.677
731.162
729.697
729.605
729.904
730.388
730.026
760.622
734.077
734.442
734.374
735.529
734.968
730.054
729.974
730.552
730.557
730.804
733.388
734.049
734.344
732.587
730.189
729.492
729.241
730.882
733.562
734.074
765.425
735.577
735.888
729.666
728.887
732.222
733.954
765.777
735.352
734.011
729.589
728.596
729.532
730.864
743.024
735.367
732.345
733.631
731.087
729.604
730.09
758.496
733.939
733.097
732.747
732.023
733.971
731.921
744.302
732.696
733.118
733.05
733.305
733.214
733.475
748.355
734.689
732.151
733.769
733.06
734.885
734.716
751.751
733.164
734.345
733.212
732.997
733.617
735.705
744.641
736.044
730.056
730.592
729.147
729.189
737.542
733.75
735.119
732.579
729.884
729.416
729.516
731.456
737.746
731.97
730.06
732.291
727.937
728.06
728.47
741.742
729.025
728.346
726.975
727.604
726.485
728.488
727.183
724.717
726.103
726.507
725.726
725.86
727.154
737.408
725.999
726.924
729
731.641
731.643
730.643
741.744
732.051
729.469
731.213
731.357
729.895
729.7
738.022
728.89
731.12
729.675
731.199
726.476
729.815
741.581
725.996
725.363
725.968
725.537
725.538
726.382
742.845
729.401
731.493
724.503
726.429
726.65
728.728
736.832
727.117
729.374
726.439
724.581
724.591
726.471
736.191
727.966
728.877
730.362
729.012
731.144
734.354
739.941
730.471
729.218
729.202
730.012
730.139
729.995
731.216
732.846
729.125
725.776
724.613
729.28
730.45
751.75
731.859
727.11
725.308
725.335
725.176
728.581
739.31
729.433
731.176
726.266
726.41
725.316
725.107
739.237
728.109
731.449
728.338
726.394
725.988
726.787
737.291
727.557
728.937
727.642
729.739
729.345
725.971
725.697
726.049
723.352
730.531
727.418
727.552
728.306
738.007
730.423
730.066
727.812
730.134
729.606
727.85
748.538
729.974
729.355
728.064
730.058
729.823
729.091
741.305
731.217
729.387
729.498
729.983
728.612
728.562
738.954
730.844
731.032
730.34
729.94
729.356
729.195
740.553
728.438
728.807
728.897
729.577
730.007
729.879
741.509
729.372
729.229
728.857
731.931
729.38
729.694
743.785
730.43
731.171
730.129
729.579
730.531
729.249
745.316
729.376
731.229
729.918
729.923
729.366
729.916
739.429
728.38
731.039
729.429
730.166
727.227
729.158
728.758
730.895
729.301
730.075
729.021
732.026
730.216
748.923
729.631
729.596
730.562
729.64
728.402
729.37
735.427
729.801
729.295
731.264
730.123
730.434
728.123
738.511
731.594
730.551
726.782
725.406
724.544
725.486
743.621
728.023
729.182
725.445
726.976
728.314
729.486
741.417
729.814
729.616
729.708
726.519
723.673
726.43
729.261
730.965
729.65
723.821
725.775
725.702
729.045
740.54
730.666
731.196
725.731
725.042
724.941
728.708
730.421
730.598
729.086
726.678
726.234
725.471
727.089
729.319
730.364
729.691
730.194
725.043
725.693
725.78
742.25
728.832
729.073
730.82
728.318
725.924
725.338
737.046
730.382
729.444
727.837
734.325
730.062
729.387
749.043
730.175
730.347
729.157
728.958
729.282
729.951
745.931
729.976
730.19
728.152
730.051
728.969
731.323
731.489
731.6
731.533
727.373
731.777
730.262
728.51
748.01
731.539
730.057
729.892
728.757
729.833
731.132
737.116
730.565
729.816
730.121
730.029
726.572
729.623
729.716
730.038
728.751
728.174
729.168
727.825
729.146
740.444
730.185
729.236
728.218
730.862
729.453
730.438
752.549
729.982
730.62
729.667
727.416
729.158
728.751
739.381
728.599
730.218
729.062
729.013
728.613
730.079
730.552
729.219
730.478
728.969
729.087
727.743
730.163
734.894
730.998
730.302
727.97
730.438
729.725
730.342
732.182
730.64
729.977
729.483
726.404
725.893
724.522
742.002
730.973
729.752
728.704
729.773
730.012
725.37
736.724
728.224
729.142
725.203
727.358
729.61
727.93
avg: 731.678
