args: 56 64 1 32
core=6
this process 2490 of running processor:  4
this process 2490 of running processor:  5
1.04616
0.736691
0.765867
0.74659
0.73096
0.50641
0.748674
0.758052
0.745026
0.728355
0.746069
0.764304
0.758052
0.742943
0.754405
0.751799
0.731481
0.772119
0.731481
1.59634
1.16651
1.93342
0.736691
2.15589
2.12515
1.55987
2.13036
1.1191
2.15016
2.10275
1.37752
2.10796
1.70783
0.759094
2.11525
2.09285
1.3671
2.09754
1.74222
1.01699
2.10691
2.09181
1.17485
2.10118
1.72711
0.775765
2.11994
2.10171
1.17433
2.09493
1.71096
1.01074
2.10848
2.0991
0.52725
2.12984
2.1116
1.34261
2.12411
1.70887
0.773161
2.11108
2.1189
0.713246
2.14234
2.12463
1.39002
2.10431
1.70575
0.770556
2.1486
2.11056
0.946653
2.13661
2.1116
1.3598
2.10014
1.7219
1.77973
2.11786
1.10139
1.3869
2.10379
1.72919
0.779413
2.10118
2.11473
1.3697
2.12515
1.71513
1.01647
2.11942
2.09076
0.527771
2.1314
2.12359
1.3546
2.0965
1.72243
0.962811
2.11526
1.90686
1.563
2.10744
1.33063
1.20038
2.09494
1.92718
0.947178
2.09755
1.93603
0.768996
2.09963
2.12308
1.34574
2.11057
1.52497
0.970102
2.09911
1.91572
0.764828
2.10067
2.14235
1.16756
2.09702
1.72503
0.737736
2.13766
2.12568
1.35668
2.13349
1.72191
0.525688
2.14496
2.11213
1.37961
2.10536
1.71774
0.743466
1.19726
2.10067
1.90009
0.519437
2.12412
2.10484
0.712207
2.13818
2.11109
1.38117
2.0965
1.71409
0.949783
2.09338
1.89279
0.963328
2.12881
1.91728
0.519958
2.16215
2.10536
1.36762
2.0939
1.73597
0.74503
2.10588
2.10744
1.55206
2.1163
1.2999
1.37179
2.09546
1.70159
0.766912
2.08921
2.12255
0.524647
2.13922
2.12203
1.35199
2.10849
1.7167
0.992505
2.09755
2.10328
0.749719
0.973749
2.10015
2.13297
1.16339
2.08973
1.70784
0.747114
2.1262
2.11109
0.966455
2.12255
2.09755
0.741383
2.15954
2.08504
1.36919
2.11109
1.72138
0.769516
2.12464
2.09911
1.35616
2.11265
1.74014
0.761701
2.1064
2.10744
1.34887
2.0866
1.71513
0.952388
2.10484
1.89331
0.956035
2.12203
1.89748
0.95343
2.12151
1.91051
0.753887
2.09911
2.12412
1.17069
2.11265
1.69117
0.504328
2.13297
2.10796
1.15922
2.10067
1.95115
1.15401
2.10797
1.6995
0.977396
2.12933
2.11682
1.16027
2.13141
1.72868
1.16548
2.10901
1.72086
1.7714
2.11578
1.12432
2.1262
2.08973
1.3671
2.11005
1.70888
0.743988
2.11838
2.0965
1.35252
2.12308
1.749
1.75056
2.13245
1.09879
2.1236
2.09755
1.35304
2.12047
1.71409
0.968017
2.10484
1.91676
0.775769
2.11474
2.10744
1.3546
2.10588
1.7193
0.982606
2.09859
2.09077
0.766391
2.11838
2.11109
1.3572
2.1038
1.72138
0.948741
2.08556
1.90217
0.968538
2.10901
1.90946
0.992505
2.0939
2.09807
1.16548
2.10276
1.70263
avg: 1.62701
