args: 56 64 1 32
core=7
this process 2490 of running processor:  4
this process 2490 of running processor:  5
this process 2490 of running processor:  6
1.30302
1.19986
1.18996
1.20976
1.19726
1.19205
1.21132
1.20247
1.19361
1.19986
1.21132
1.19986
1.19986
1.20299
1.21862
1.1957
2.00012
1.55987
1.40149
1.4166
1.95375
1.38899
1.97094
1.96
1.22226
1.94541
1.56612
1.03992
1.81464
1.95167
0.986774
1.97407
1.95427
1.59947
1.96261
1.40149
1.96573
1.97772
1.2306
1.9501
1.75994
1.5854
1.95166
1.38482
1.99126
1.9574
1.228
1.96104
1.55466
1.05034
1.94593
1.74743
1.02376
1.79849
1.95583
0.973228
1.95583
1.97094
1.21705
1.94281
1.56144
1.43692
1.94541
1.38013
1.96
1.96365
1.21237
1.94229
1.55258
1.04773
1.20299
1.80005
1.9501
1.4067
1.94385
1.77609
1.03575
1.79016
1.96104
0.966455
1.95948
1.95375
1.20559
1.95479
1.56404
1.03471
1.95114
1.76984
1.41868
1.96313
1.37388
1.95115
1.97198
1.21497
1.94698
1.55883
1.04877
1.96938
1.81047
1.96886
1.3968
1.79849
1.96677
1.39524
1.95687
1.75264
1.02741
1.94229
1.78651
0.995631
1.79745
1.97563
0.962287
1.95479
1.9475
1.38534
1.95323
1.36658
1.98605
1.96886
1.00553
1.95948
1.75629
1.00605
1.2181
1.78495
1.94854
1.19882
1.8037
1.94802
0.964891
1.79849
1.94593
1.1957
1.79328
1.94333
1.3942
1.95167
1.78703
1.4291
1.97198
1.35825
1.77557
1.96834
1.18736
1.79589
1.96209
0.956035
1.43171
1.94229
1.35877
1.96521
1.95583
1.38794
1.95531
1.37544
1.95427
1.95062
1.21185
1.96469
1.58228
1.03002
1.96886
1.74483
0.994589
1.79745
1.96313
1.40826
1.93864
1.76619
1.43275
1.93968
1.35408
1.76098
1.95427
1.20299
1.80526
1.96
0.965413
1.98657
1.94958
1.20611
1.94437
1.5557
1.43431
1.94072
1.35929
1.96
1.97146
1.40045
1.96886
1.35304
1.95948
1.95062
1.20038
1.95687
1.59009
1.03939
1.81256
1.96
1.20299
1.81516
1.95792
1.21028
1.80005
1.95583
1.20195
1.79745
1.96209
0.972707
1.97094
1.95114
1.41764
1.94489
1.36189
1.95844
1.95166
1.00188
1.94541
1.77192
1.00605
1.7938
1.95166
0.95343
1.6448
1.95427
1.17329
1.80526
1.94854
0.96385
1.97824
1.81568
1.02637
2.00481
1.97511
1.0196
1.97146
1.57811
0.852356
1.96573
1.58384
1.01282
1.99647
1.57498
1.41139
1.98136
1.17954
0.82839
1.98866
1.57238
1.01907
2.00741
1.57915
1.03575
1.99803
1.57915
1.01855
1.99647
1.59113
1.01387
2.00741
1.58905
1.03106
1.99282
1.59478
1.03991
2.01679
1.58957
1.02845
1.99908
1.5854
1.01543
1.99491
1.57707
1.02272
1.99126
1.58644
1.02585
2.00168
1.5854
1.02116
2.00481
1.58019
1.03366
2.01627
1.58644
1.01699
1.9897
1.58644
1.03471
2.00272
1.59113
1.02689
2.00585
1.57759
1.03992
2.00377
1.57603
1.01491
1.99387
avg: 1.59776
