args: 56 64 1 32
core=5
this process 2490 of running processor:  4
1.26446
0.914351
0.876839
0.883092
0.864856
0.867461
0.863815
0.863814
0.934149
0.863294
0.870066
0.897679
0.888823
0.875276
0.87215
0.865899
0.875797
0.890385
0.920603
0.874235
0.862251
0.881528
0.907058
0.863293
0.870066
0.860689
0.933628
0.863814
0.88205
0.883091
0.900805
0.88726
0.864857
0.878923
0.886218
0.858084
0.880486
0.870067
0.867461
0.880486
0.867462
0.863293
0.858084
0.865377
0.892469
0.864857
0.867461
0.88257
0.87163
0.867461
0.87736
0.866941
0.868503
0.881528
0.878403
0.880486
0.864336
0.87163
0.860167
0.867983
0.872671
0.867461
0.888302
0.874234
0.890906
0.859126
0.870066
0.863294
0.86121
0.862251
0.862773
0.867982
0.862772
0.862252
0.901847
0.869025
0.860168
0.873713
0.869025
0.866419
0.871108
0.867983
0.873192
0.860168
0.857562
0.869545
0.862252
0.869024
0.867461
0.874235
0.869024
0.870588
0.882049
0.859646
0.876319
0.864856
0.890906
0.887781
0.885696
0.862772
0.867983
0.860688
0.865899
0.873193
0.864335
0.875798
0.899763
0.870587
0.872151
0.878402
0.892469
0.891427
0.901327
0.866419
0.887259
0.881008
0.871108
0.858605
0.861731
0.867982
0.868504
0.877881
0.868503
0.865378
0.858083
0.873714
0.860688
0.858083
0.86642
0.889864
0.871108
0.859126
0.859125
0.885176
0.880486
0.860688
0.870067
0.864856
0.871108
0.911226
0.875797
0.865898
0.859647
0.865898
0.884654
0.872151
0.870066
0.863294
0.881007
0.878402
0.886218
0.875276
0.888301
0.914351
0.869025
0.888822
0.857041
0.865378
0.859125
0.859126
0.871629
0.884133
0.891949
0.867461
0.903931
0.874756
0.876318
0.859125
0.865378
0.863293
0.874234
0.870588
0.871629
0.864857
0.865377
0.871629
0.858084
0.881528
0.888822
0.895596
0.87736
0.863293
0.859647
0.863293
0.86642
0.862251
0.865898
0.858605
0.860688
0.886218
0.919562
0.858083
0.858084
0.869546
0.857562
0.872151
0.876839
0.895074
0.873714
0.866419
0.858604
0.862252
0.901326
0.863293
0.86642
0.867461
0.862252
0.869545
0.869545
0.869025
0.863814
0.883091
0.893512
0.890385
0.885175
0.866941
0.869024
0.863293
0.874235
0.870587
0.858084
0.898721
0.864856
0.864336
0.86173
0.880486
0.871109
0.861209
0.873714
0.875277
0.876839
0.865378
0.887259
0.907057
0.867462
0.875277
0.89299
0.872671
0.889865
0.88778
0.886738
0.860168
0.869024
0.870588
0.867462
0.863293
0.877882
0.867982
0.870066
0.868504
0.884654
0.869024
0.95551
0.889344
0.866419
0.862252
0.868503
0.875797
0.86121
0.858604
0.856521
0.874235
0.868503
0.858605
0.859646
0.865377
0.871109
0.862251
0.890386
0.863294
0.879444
0.888823
0.867983
0.868503
0.854958
0.867982
0.856521
0.86121
0.858083
0.86642
0.876839
0.879965
0.880487
0.890385
0.87736
0.860689
0.870066
0.890385
0.87163
0.865377
0.86642
0.865378
0.871108
0.864857
0.8982
0.889343
0.872672
0.864335
0.881007
0.874235
avg: 0.873694
