args: 56 64 1 32
core=8
this process 2490 of running processor:  4
this process 2490 of running processor:  5
this process 2490 of running processor:  6
this process 2490 of running processor:  7
1.41764
1.15193
1.16131
1.15453
1.14828
1.15193
1.14828
1.14568
1.15089
1.14464
1.15037
1.15402
1.14672
1.13786
1.14568
1.18996
1.19205
1.18058
1.25353
1.18788
0.553822
0.565285
0.541319
0.562159
0.801819
1.58071
1.91155
0.958639
1.91311
1.91519
0.94822
1.90634
1.5208
0.797651
1.91676
1.50986
1.35408
1.90999
1.13109
1.36815
1.91415
1.12119
1.1785
1.92093
1.10817
1.18163
1.9079
1.11702
1.34053
1.92093
1.11807
1.3348
1.9251
1.11025
1.31396
1.92405
0.950824
1.9053
1.91103
0.968018
1.92041
1.51871
0.785146
1.91155
1.50465
1.34053
1.92301
1.10765
1.18423
1.92457
1.1238
1.16548
1.91676
1.12015
1.33324
1.94072
1.1165
1.32699
1.93083
1.11234
1.35668
1.9376
1.11181
1.35199
1.92614
1.11025
1.34887
1.93499
1.13109
1.34418
1.93604
0.963328
1.93239
1.90946
0.545487
1.9277
1.51976
0.955514
1.91728
1.51559
0.962807
1.90842
1.51194
0.960724
1.90634
1.50204
0.803903
1.92249
1.5208
0.944051
1.92353
1.50569
0.754408
1.18475
1.91051
1.15245
1.16287
1.92562
1.15975
1.33272
1.92405
1.15402
1.32074
1.93448
0.962291
1.90374
1.9126
0.553304
1.92823
1.92458
0.549657
1.94542
1.92093
0.544967
1.92927
1.92302
0.550178
1.90843
1.91937
0.542884
1.91468
1.91051
0.977921
1.91416
1.5083
0.958643
1.92041
1.51976
0.557472
1.91572
1.74692
1.15975
1.76203
1.52393
0.945097
1.9126
1.35721
1.1634
1.91781
0.931551
1.91937
1.92198
1.13683
1.92197
1.11599
0.524127
1.93396
1.9126
0.548094
1.93448
1.9251
0.562161
1.94542
1.90061
1.14203
1.91208
1.11546
1.17746
1.91833
1.10973
1.17329
1.90947
1.10192
1.34106
1.92302
1.1113
1.33168
1.9225
1.38795
1.9053
1.50517
0.808073
1.91937
1.53227
0.959164
1.19205
1.90634
0.952912
1.91729
1.91208
0.543926
1.94542
1.51351
1.35148
1.91416
1.11234
1.57343
1.91312
1.14047
1.17225
1.91416
0.958122
1.91833
1.90478
0.55122
1.94282
1.7563
0.957601
1.93135
1.92041
0.544968
1.77974
1.75526
1.51403
1.35096
1.91572
1.13057
0.779419
1.90634
1.51455
1.35669
1.92093
1.11442
1.18215
1.92145
1.11025
1.17225
1.93292
1.1139
1.3296
1.93865
1.10609
1.34314
1.93083
1.10973
1.32803
1.93396
1.12224
1.32751
1.91781
1.11234
1.33429
1.935
0.959686
1.91781
1.91312
1.1535
1.9126
1.13109
0.773688
1.93813
1.9053
0.550698
1.90895
1.92823
0.951349
1.9225
1.50049
1.56092
1.92406
0.71221
1.93031
1.91729
0.96229
1.91572
1.50465
0.802343
1.91051
1.50622
1.36242
1.91416
1.11078
1.18476
1.91468
1.10244
1.17746
1.9053
1.11911
1.34054
1.94021
1.11338
1.32178
1.93135
1.13735
1.32699
1.93761
1.1238
1.33845
1.93604
1.12588
avg: 1.43456
