core=4
this process 2673 of running processor:  0
this process 2673 of running processor:  1
this process 2673 of running processor:  2
this process 2673 of running processor:  3
2709.65
162.764
159.781
158.041
154.072
157.456
155.61
156.789
154.175
155.423
156.242
155.011
152.988
153.257
156.222
152.847
155.243
151.094
150.861
152.794
152.88
152.381
157.603
156.231
157.848
155.687
154.972
152.41
153.436
152.689
153.163
152.369
151.412
150.124
151.168
153.657
152.325
152.593
152.05
153.507
152.933
152.064
154.413
152.358
152.733
152.35
154.163
153.801
161.85
163.506
161.464
150.927
152.016
153.458
154.384
156.274
154.371
154.523
154.764
153.704
153.735
155.343
153.947
153.723
155.413
155.204
155.54
154.504
155.826
157.258
155.916
154.717
153.974
155.64
161.175
160.759
161.72
152.205
154.343
154.276
156.53
155.714
155.706
154.916
151.165
152.712
150.391
154.111
151.421
151.373
152.343
152.692
151.207
154.493
153.494
154.68
153.758
154
153.254
155.58
154.832
156.161
155.354
155.75
155.212
154.549
153.388
155.615
156.061
157.271
156.483
155.436
155.97
154.53
155.324
154.573
155.08
153.605
155.524
157.302
156.138
154.791
153.534
153.944
155.616
155.922
161.836
157.936
160.028
154.516
157.32
155.563
154.502
156.891
156.075
156.233
156.455
155.676
156.593
155.309
152.306
153.798
153.291
155.663
153.781
154.316
154.698
156.235
155.464
153.164
154.413
158.294
160.844
159.248
156.145
152.881
155.147
155.771
155.24
155.215
155.03
154.919
153.46
156.013
155.049
155.023
154.843
152.791
154.354
156.011
157.306
154.939
154.475
154.372
155.388
153.593
155.738
158.861
160.362
160.809
159.218
160.116
161.351
161.439
157.748
158.964
155.191
154.668
154.218
155.414
155.716
156.923
152.609
155.685
155.164
156.715
156.57
154.338
156.085
158.891
154.814
154.806
157.959
158.529
158.741
159.585
161.098
158.499
158.41
158.448
157.352
159.591
159.226
159.577
159.078
160.832
158.99
158.906
155.134
154.62
153.77
153.46
152.48
153.44
153.448
157.237
154.264
154.016
156.57
157.418
156.874
154.285
155.424
155.729
156.974
155.081
156.49
160.3
161.226
155.923
162.939
160.608
159.067
161.632
159.567
160.903
159.204
158.708
156.829
154.171
154.713
153.536
154.003
159.737
154.291
155.329
153.68
154.313
156.794
153.722
157.007
154.944
156.813
156.788
153.725
153.333
154.9
156.533
156.395
159.197
159.85
159.492
160.695
159.859
158.659
160.713
158.15
159.965
160.888
159.611
159.679
157.996
153.626
153.856
154.623
155.329
154.082
153.516
153.923
154.856
155.835
154.999
157.053
155.716
155.949
151.411
154.424
155.462
151.991
153.23
152.5
152.838
160.832
160.956
161.505
159.5
164.538
159.302
160.275
162.242
154.422
154.929
157.105
156.241
156.117
157.775
152.94
156.827
155.059
156.524
156.584
156.33
157.717
155.168
154.086
155.282
156.936
155.431
159.235
155.804
156.374
155.136
155.721
157.104
157.277
154.246
157.02
156.379
156.802
155.888
155.427
157.13
157.646
155.969
156.588
156.587
157.014
158.56
156.827
156.314
155.894
155.573
155.599
156.747
156.375
156.337
157.241
157.188
154.562
156.678
157.366
156.304
156.893
156.024
155.07
155.364
157.646
156.51
156.864
155.808
158.325
156.376
157.387
155.465
156.975
156.775
155.211
156.616
156.822
156.27
155.077
157.437
155.173
157.737
155.867
157.489
156.282
160.072
156.897
156.888
156.781
154.368
158.006
157.86
156.601
157.567
157.893
155.778
157.309
158.401
156.864
155.363
157.445
157.294
156.923
155.272
157.668
156.993
155.445
156.542
157.093
155.259
156.99
155.525
155.105
157.051
154.117
156.026
156.53
156.625
156.094
157.825
155.005
157.244
156.093
155.592
156.077
157.12
154.489
157.438
155.173
155.759
156.29
156.292
155.27
156.04
157.418
158.203
157.291
156.098
155.908
156.21
157.096
156.951
154.844
157.539
156.244
157.684
154.741
156.417
153.865
156.461
155.166
157.247
155.997
156.19
156.349
155.8
156.457
158.503
157.186
157.753
156.815
156.939
155.935
156.209
158.129
155.205
156.915
156.605
156.589
157.019
157.442
154.869
155.863
156.78
156.027
157.084
156.849
156.511
155.275
157.754
154.656
154.502
157.736
156.331
156.223
156.185
154.61
158.102
157.101
156.429
156.744
157.75
157.736
155.741
156.213
155.045
155.985
156.521
avg: 156.075
