core=6
this process 2673 of running processor:  4
this process 2673 of running processor:  5
1741.14
185.628
190.376
186.232
184.794
187.755
187.358
186.352
189.247
187.394
187.91
185.371
186.395
180.752
178.393
179.344
178.668
180.419
177.684
178.261
180.328
178.483
181.814
179.11
179.257
178.101
179.047
177.103
180.329
178.028
179.094
180.547
178.663
176.341
177.162
178.946
177.706
178.776
178.038
177.791
177.418
179.129
179.712
177.425
179.193
180.658
181.9
180.44
179.911
178.733
179.475
179.077
181.026
180.704
181.179
179.883
179.231
181.431
187.998
184.468
184.384
185.381
184.445
185.302
185.77
186.924
187.429
188.227
182.76
178.317
180.838
179.748
178.777
181.828
179.735
179.041
181.7
180.547
183.216
178.81
178.846
181.226
180.415
181.68
180.058
180.363
179.952
188.493
178.799
181.216
180.282
179.51
178.768
184.379
185.975
185.193
183.727
180.726
183.516
188.056
188.8
178.888
181.006
180.92
180.696
175.444
179.243
181.582
178.697
181.679
182.351
180.241
178.919
180.782
179.49
178.291
187.989
186.067
186.363
184.033
185.88
177.561
177.642
176.864
178.641
174.431
179.801
177.848
178.754
179.345
178.146
177.08
175.112
178.955
178.567
177.572
177.094
177.769
176.642
177.416
178.812
179.241
175.88
176.763
178.506
185.503
183.307
182.326
186.696
188.769
184.014
185.245
186.285
183.715
180.457
178.645
177.64
179.344
180.315
181.428
181.055
180.706
179.108
180.171
179.876
179.141
182.217
176.262
179.947
178.563
182.083
179.043
181.734
181.482
196.44
184.398
185.074
185.782
186.092
188.031
184.989
187.691
188.245
185.493
180.886
179.408
181.615
178.249
177.329
179.197
181.475
182.049
180.455
178.277
178.613
180.472
178.662
180.64
176.989
181.463
178.571
180.684
180.081
196.271
184.172
181.365
181.819
178.375
178.226
179.638
178.069
185.485
187.137
185.331
183.555
185.671
184.691
177.091
179.155
179.766
182.06
180.201
177.161
179.107
177.264
180.707
179.908
178.943
180.499
181.111
180.391
179.874
184.842
182.149
185.812
183.202
185.502
186.803
187.285
186.3
184.51
185.456
185.693
187.247
185.512
181.063
180.366
179.474
179.579
180.911
180.576
181.648
179.24
179.001
180.311
180.168
177.236
180.092
177.365
178.619
180.078
187.671
185.042
189.289
185.126
185.277
187.502
187.923
183.579
187.572
184.699
181.871
180.59
178.095
179.579
179.284
178.54
176.962
179.048
182.087
179.814
178.583
179.784
179.102
179.208
179.213
179.688
178.065
178.061
179.182
181.264
181.667
188.828
187.015
188.687
186.918
186.251
184.757
187.342
188.339
186.26
186.993
188.084
186.293
186.159
178.892
178.996
180.195
179.396
179.472
178.403
176.443
179.512
180.013
179.06
182.477
176.765
180.999
179.647
182.75
180.851
178.55
179.333
179.185
182.578
185.617
186.514
186.787
185.953
179.678
178.435
179.009
179.014
182.415
182.611
178.845
180.392
180.147
178.738
180.711
180.761
181.378
179.906
180.174
181.807
180.529
181.295
182.852
183.199
185.312
184.448
187.234
179.871
181.046
176.954
180.774
180.611
180.582
186.697
186.505
180.492
180.675
180.934
180.592
179.277
180.733
181.129
182.062
178.771
179.626
181.222
178.949
182.437
180.701
182.806
178.756
177.144
183.719
181.004
189.173
183.721
186.275
186.291
181.418
186.336
182.158
181.511
181.645
180.344
182.031
181.408
177.732
180.751
179.516
180.618
180.538
181.199
180.524
178.808
180.258
180.328
180.399
177.742
179.41
180.884
178.48
186.43
188.14
186.375
185.554
187.069
184.363
187.965
185.048
186.727
187.673
186.232
184.305
178.514
179.154
179.263
178.492
180.571
181.58
179.88
179.723
180.724
179.623
176.8
182.265
179.474
179.541
180.015
178.264
177.656
182.912
187.044
185.106
186.517
187.821
187.149
188.786
187.134
187.342
184.921
188.649
187.459
182.203
181.212
179.837
178.473
178.872
177.977
176.298
179.159
177.031
177.591
177.512
178.124
178.428
177.188
176.477
175.571
177.71
175.036
177.251
177.391
174.325
177.983
176.716
178.737
184.158
186.025
183.576
185.734
185.256
179.106
181.11
180.052
177.651
182.694
179.579
177.888
178.363
180.51
178.474
180.404
180.42
178.786
178.17
182.02
179.473
178.574
198.347
187.754
185.128
182.84
184.019
184.754
186.042
avg: 181.559
