core=7
this process 2673 of running processor:  4
this process 2673 of running processor:  5
this process 2673 of running processor:  6
1372.64
141.469
139.392
138.687
139.113
141.26
141.907
141.401
141.508
142.271
141.888
140.767
140.774
142.016
139.344
141.989
140.849
139.577
138.7
139.87
147.366
144.468
144.453
145.233
146.6
147.31
145.178
146.713
145.843
145.163
146.484
144.6
142.914
141.33
141.979
143.143
142.781
138.986
138.315
138.895
138.242
138.825
139.282
139.398
138.51
137.086
138.784
137.219
138.744
137.691
138.282
135.85
137.187
138.246
137.168
139.537
139.971
141.595
142.313
140.441
138.523
140.037
142.754
145.49
146.119
146.431
145.311
144.356
145.714
146.706
146.313
144.91
138.836
142.106
140.795
142.854
141.768
141.073
140.541
140.709
140.23
140.933
139.777
141.646
138.656
141.135
138.872
141.849
139.207
141.759
140.424
141.08
143.032
145.576
145.243
143.526
145.144
143.613
140.293
141.156
140.076
141.021
140.616
140.333
142.463
143.655
142.173
146.016
141.528
141.282
141.969
139.084
140.035
139.931
140.449
139.502
141.816
138.275
141.271
141.751
139.999
140.999
138.727
140.416
141.728
138.597
141.908
139.79
139.911
143.307
148.021
144.491
145.601
144.445
146.469
145.457
145.072
146.489
145.515
145.112
137.812
140.718
136.594
137.284
138.585
137.639
139.579
138.947
138.25
138.212
137.55
138.061
139.34
138.846
138.069
136.483
138.022
137.984
139.999
138.479
137.127
137.821
137.381
136.705
138.699
138.113
144.296
143.313
147.461
146.251
147.986
144.252
146.468
145.255
144.397
142.391
145.558
146.717
146.501
146.97
144.263
145.942
143
140.604
139.742
139.6
142.216
139.998
140.083
140.646
140.638
142.931
139.269
138.947
139.589
141.779
140.903
140.469
138.907
141.38
140.474
141.032
145.08
144.86
146.534
146.048
148.247
143.623
147.195
144.233
144.6
142.818
146.234
145.528
145.156
146.895
144.338
144.912
146.11
142.685
140.995
140.092
138.917
140.022
139.96
141.732
141.892
139.939
141.498
141.944
141.6
140.616
141.364
141.72
141.205
141.028
146.872
141.694
145.66
143.952
147.368
145.749
145.446
144.142
145.398
147.624
145.315
145.525
145.609
146.782
145.155
146.393
145.598
144.888
145.89
141.093
139.344
143.24
147.045
140.601
141.603
140.285
141.846
141.577
139.991
138.386
149.429
141.535
141.686
140.652
139.276
141.946
141.051
141.885
146.267
145.281
145.509
145.365
145.865
144.045
140.527
140.635
143.616
141.548
143.897
144.031
149.989
143.852
143.648
138.216
140.035
147.891
146.953
139.176
147.499
136.054
146.522
138.926
146.189
138.958
145.78
138.156
147.826
138.025
152.506
139.007
139.206
148.434
148.477
142.251
147.285
144.18
154.99
149.17
144.419
147.048
150.081
145.084
146.634
146.975
146.033
145.484
154.23
145.81
142.209
147.537
142.69
148.527
141.957
146.297
139.381
139.291
138.405
148.445
141.961
140.804
142.325
148.901
142.148
140.817
148.738
142.058
149.581
139.042
153.897
141.015
150.039
150.112
147.555
148.205
140.602
146.008
147.993
141.402
149.404
140.172
145.402
154.376
139.817
140.911
149.835
143.346
142.213
152.98
141.972
140.062
148.041
142.043
148.692
141.268
143.496
149.093
147.853
139.903
150.065
148.25
137.762
141.226
149.31
142.361
147.883
150.182
155.262
145.836
145.92
156.458
144.16
146.938
144.306
155.176
142.251
151.15
142.006
147.222
142.746
141.294
149.64
145.438
155.068
144.835
149.646
147.24
149.65
141.983
153.767
140.887
148.908
142.94
148.997
140.393
141.953
152.561
141.055
148.803
148.909
140.637
146.754
153.579
157.74
151.653
148.62
145.637
144.698
154.361
145.32
160.88
144.71
154.177
143.517
147.356
152.484
149.166
140.409
150.795
147.017
147.289
148.533
142.056
148.749
149.277
148.297
141.942
151.344
149.035
147.84
141.717
148.761
148.957
140.893
148.749
146.438
148.908
148.587
153.745
149.326
140.08
153.14
153.526
143.44
151.525
150.14
141.12
149.028
142.544
148.454
151.167
153.173
143.045
151.043
141.349
151.226
151.491
149.549
142.744
145.646
153.162
144.597
152.274
161.455
162.202
157.196
156.479
140.566
153.653
152.204
155.817
148.555
149.992
158.106
144.139
154.075
144.255
153.639
156.669
146.15
155.746
152.054
152.233
142.614
143.982
avg: 144.161
