core=1
this process 2673 of running processor:  0
3827.6
462.145
480.242
460.047
461.365
460.95
462.025
461.239
458.801
458.588
460.211
458.608
465.414
460.428
460.725
461.393
461.565
458.55
457.657
459.362
462.095
461.011
457.884
459.19
462.103
460.797
459.423
461.339
459.565
458.239
458.481
459.173
459.997
458.948
459.645
461.701
460.324
461.587
459.779
461.483
460.884
460.136
461.663
460.13
461.035
460.803
459.178
461.131
460.701
461.504
458.844
457.132
457.786
458.413
459.071
461.479
461.236
491.111
459.708
458.962
457.512
458.95
457.744
458.639
458.034
458.785
459.125
458.69
462.974
458.475
458.718
465.942
457.767
461.179
459.449
461.373
462.734
461.098
461.565
488.313
460.652
461.13
461.351
468.394
457.359
458.666
456.808
459.36
456.774
459.084
458.191
458.203
457.822
458.182
458.021
458.939
458.574
458.204
458.03
459.358
457.636
460.662
461.993
461.631
463.037
461.165
460.545
461.201
459.643
461.181
460.282
459.882
459.796
459.088
459.543
461.487
461.924
460.426
462.51
463.794
460.024
460.295
459.547
459.457
460.038
458.503
461.366
459.656
462.65
461.055
463.342
463.713
461.509
461.922
460.28
461.18
459.922
460.292
459.736
460.186
457.886
461.129
462.983
461.228
460.352
460.097
459.943
461.978
462.335
462.067
459.056
459.708
460.914
461.582
461.283
459.545
459.098
460.865
460.495
461.008
462.411
461.849
461.983
460.357
460.413
460.427
499.866
458.267
464.047
463.471
462.65
461.921
462.841
462.945
462.904
461.381
462.894
463.618
464.236
461.588
460.9
463.205
462.037
463.346
462.347
460.733
460.852
458.88
460.36
470.795
460.816
461.627
459.558
460.459
461.922
464.675
462.606
462.488
458.569
461.906
476.14
461.08
461.113
460.01
460.156
460.458
463.922
460.794
462.173
462.02
460.95
460.951
459.684
460.381
459.26
462.399
460.278
459.573
460.59
463.899
463.064
461.173
460.407
462.492
460.731
461.585
461.156
460.276
460.072
461.202
460.236
460.32
462.701
462.807
462.888
473.218
460.802
461.253
460.93
460.152
460.586
460.514
460.314
459.433
459.668
462.762
462.784
464.182
462.435
460.94
460.754
461.636
462.716
462.727
459.62
461.773
457.777
462.65
462.533
465.375
465.428
462.711
463.648
464
461.814
461.99
462.61
463.626
463.622
462.714
462.043
464.875
462.814
462.7
463.16
464.115
461.273
462.195
464.348
462.338
462.758
461.048
462.959
460.468
463.91
462.833
462.183
461.885
459.576
461.607
459.919
461.179
462.705
464.271
463.827
459.873
461.761
462.443
464.308
461.53
460.676
463.158
460.39
461.529
460.115
460.442
459.673
483.087
460.437
460.231
458.449
460.203
461.251
460.965
460.862
462.303
459.416
462.563
478.246
460.617
461.036
460.356
463.342
462.276
461.462
459.304
461.341
460.618
460.857
462.48
461.934
460.637
460.862
460.963
462.916
459.528
464.248
463.046
460.351
461.139
463.454
461.854
462.714
461.754
462.603
460.398
460.188
462.903
462.889
462.471
462.602
477.503
459.716
460.291
460.536
462.379
462.79
461.166
459.095
460.361
460.605
462.793
475.187
461.989
460.212
458.988
461.31
462.33
462.545
462.426
462.309
460.466
463.135
478.076
463.371
462.645
460.402
462.537
464.065
464.313
462.213
462.986
463.92
463.562
475.139
464.3
462.04
463.661
461.915
464.075
463.606
460.961
463.68
462.094
462.339
472.704
462.864
461.883
462.379
462.733
463.91
460.888
463.794
463.636
463.734
462.249
474.456
464.354
462.295
462.138
463.297
461.18
463.549
462.711
462.813
462.886
460.581
472.535
462.16
461.976
463.426
463.048
461.385
463.08
462.377
462.538
463.037
463.161
474.591
463.114
461.821
463.144
463.259
462.492
460.884
463.356
464.424
463.296
462.42
477.686
462.968
462.918
463.485
463.609
462.152
463.86
463.288
463.155
461.932
462.38
461.69
463.532
463.572
462.485
463.015
464.154
461.303
462.569
463.455
462.97
462.797
466.245
461.72
462.213
462.462
462.286
461.954
459.831
461.257
462.44
462.07
460.735
479.989
459.162
461.252
461.404
460.967
460.85
462.847
462.186
463.247
462.455
459.253
461.881
460.892
458.434
460.825
459.355
458.2
459.78
460.706
461.386
461.978
464.489
471.096
461.076
458.056
458.487
458.68
460.18
avg: 462.035
