core=3
this process 2673 of running processor:  0
this process 2673 of running processor:  1
this process 2673 of running processor:  2
2848
185.15
183.815
187.723
184.972
182.876
184.177
184.842
183.302
184.186
189.066
184.35
183.385
182.944
183.325
184.314
184.276
183.895
184.519
182.996
183.095
182.687
182.255
183.208
184.22
182.872
183.594
183.047
185.94
188.598
187.372
188.26
190.637
186.523
188.07
190.528
188.856
189.082
187.789
189.24
190.525
189.454
184.919
183.869
184.588
182.788
184.113
182.266
184.175
183.65
183.871
182.804
183.082
183.872
180.731
183.689
182.611
185.218
184.076
182.692
181.706
184.139
182.274
183.263
183.299
184.055
184.377
183.864
182.877
183.605
184.955
182.956
185.217
184.301
183.926
184.406
184.354
183.838
182.873
182.823
182.416
182.683
183.542
183.572
181.91
183.774
186.603
188.58
185.572
186.76
187.404
187.381
187.85
186.697
186.031
187.281
184.611
183.832
183.416
184.207
181.434
183.454
183.019
183.187
183.986
181.872
181.468
183.317
183.655
184.006
183.934
184.487
181.67
182.701
182.649
188.121
186.829
187.212
186.933
188.317
187.171
188.172
185.801
186.752
188.748
185.042
186.897
187.262
187.876
185.187
183.193
182.269
181.989
185.296
181.728
183.876
184.286
184.717
181.889
182.884
180.995
184.259
180.374
186.178
187.823
186.97
188.179
188.927
186.33
189.387
184.536
185.105
188.704
189.523
188.729
185.005
183.384
183.335
183.342
184.36
182.67
183.267
182.281
182.473
182.322
183.07
183.724
181.269
184.07
183.607
183.207
186.675
187.252
187.932
186.167
187.627
190.651
187.031
189.031
188.717
188.341
186.559
188.545
185.683
182.823
183.038
182.516
180.879
183.607
182.548
182.435
184.105
183.231
180.221
182.715
183.559
183.6
182.546
181.466
187.667
189.834
186.34
189.63
187.331
187.782
188.068
189.044
187.625
186.438
187.86
181.981
182.75
182.213
183.568
181.784
183.53
182.509
182.011
183.169
183.657
181.72
182.44
181.683
182.352
183.337
184.848
183.697
182.923
187.994
188.854
186.502
187.834
187.225
187.774
188.94
185.995
186.326
187.815
188.943
186.004
188.35
189.425
187.969
182.591
182.615
183.493
182.174
183.082
183.437
183.196
183.483
183.472
181.822
183.785
182.307
184.28
184.571
187.729
186.561
186.63
187.786
188.041
188.024
186.824
187.501
186.454
188.013
190.907
190.113
182.95
182.311
183.564
184.644
184.083
182.974
183.492
181.913
182.453
185.136
183.894
181.763
182.536
182.526
181.211
181.81
182.371
182.172
183.063
183.267
185.642
184.745
185.155
183.01
183.682
182.473
180.047
182.335
181.375
181.442
181.66
183.834
183.221
183.388
183.689
183.931
184.132
184.771
182.433
183.494
183.56
182.69
181.745
184.207
185.688
183.892
185.838
182.836
183.137
183.287
183.784
183.554
185.061
184.69
182.652
182.127
183.487
183.458
182.694
185.682
182.891
182.124
183.757
185.14
185.137
185.664
184.319
188.175
185.305
184.422
185.561
185.403
185.639
185.384
186.127
185.803
186.384
185.425
187.815
185.966
186.539
183.806
181.812
185.046
186.309
186.383
182.714
183.665
182.518
181.52
183.785
184.561
184.759
183.739
183.68
185.52
184.296
185.137
185.382
184.036
183.51
185.404
187.044
184.651
183.877
184.094
184.613
183.714
183.842
186.172
185.481
183.5
185.613
184.507
184.471
183.822
185.219
181.577
182.982
181.953
183.437
183.221
180.087
183.386
181.615
182.201
181.994
183.533
183.723
183.694
184.266
186.276
184.339
183.435
185.509
186.869
185.147
184.048
188.167
182.616
183.554
182.922
182.561
182.471
182.282
182.581
182.752
182.849
182.218
184.382
183.974
184.041
184.845
184.016
184.669
183.281
183.427
184.447
184.432
182.067
184.974
185.78
184.636
185.618
183.137
181.887
183.802
183.301
187.492
186.7
182.899
183.384
183.427
183.584
182.641
181.828
184.875
184.048
182.803
181.519
183.484
180.425
183.214
182.223
182.394
182.714
182.595
181.595
182.225
183.163
185.986
185.284
182.423
182.671
188.851
184.558
183.468
184.374
184.814
185.4
184.138
184.975
184.038
182.122
180.765
183.46
182.499
182.854
182.234
183.189
183.696
183.45
182.662
182.926
181.944
183.874
182.86
184.195
186.109
183.979
185.634
188.693
189.089
189.155
191.141
188.299
186.426
186.948
182.903
182.209
184.208
avg: 184.496
