core=5
this process 2673 of running processor:  4
2244.77
321.604
322.025
327.984
323.471
327.721
325.194
323.795
325.457
326.414
329.662
331.032
324.821
326.81
324.04
320.354
329.331
326.514
323.252
320.392
325.703
326.687
331.08
323.85
325.403
324.859
322.366
323.203
327.784
325.067
325.339
323.857
324.296
328.302
322.439
325.777
328.694
325.945
326.302
325.766
325.662
327.179
321.854
327.465
328.029
329.694
319.356
328.657
323.26
326.297
324.722
325.231
325.641
323.186
325.641
323.984
324.83
327.511
325.887
326.351
320.379
324.198
319.414
326.74
322.127
327.278
328.084
325.281
326.698
327.328
328.691
324.314
328.044
324.987
330.284
326.287
325.085
325.92
327.152
322.831
319.676
323.61
325.633
329.66
323.322
320.178
320.4
324.928
323.507
322.938
327.385
325.279
325.366
323.703
327.504
323.778
326.894
328.225
328.671
327.665
323.634
326.942
324.807
322.597
325.734
322.646
316.336
323.85
327.87
330.147
329.009
327.824
323.922
323.131
326.71
321.74
325.82
318.046
327.661
324.911
326.224
325.677
326.945
322.4
326.194
323.445
319.829
326.37
330.395
325.536
325.933
323.756
328.525
324.208
326.149
324.993
325.648
322.799
325.449
321.4
324.915
325.753
320.308
325.024
323.404
326.885
329.464
326.828
319.472
325.84
324.821
323.71
327.323
325.579
326.452
325.238
324.752
323.444
326.703
322.248
327.4
321.361
324.167
325.418
324.496
323.434
325.315
325.417
322.564
327.123
324.805
322.656
317.15
324.842
328.933
326.848
325.892
325.447
328.382
322.678
329.724
327.26
330.77
327.124
325.609
322.071
322.463
323.443
327.288
324.306
326.779
330.908
326.949
324.241
326
326.321
324.091
322.464
320.486
327.087
326.019
326.579
327.818
325.003
327.468
328.564
327.588
321.035
320.364
327.276
321.497
325.726
330.278
324.569
326.267
329.505
322.857
325.955
328.597
323.853
328.516
327.887
321.532
324.903
322.52
326.355
322.473
322.945
321.557
324.075
330.67
328.12
325.959
320.966
325.387
323.513
324.441
331.561
325.117
329.314
327.503
325.55
324.27
328.002
324.91
321.043
325.155
327.137
332.92
327.537
327.377
322.326
326.453
326.383
328.351
322.241
317.427
323.792
328.792
322.79
327.733
323.268
328.238
333.761
327.384
322.423
321.783
324.662
322.246
329.627
323.478
324.383
325.939
325.813
319.99
328.162
321.628
321.037
326.188
330.227
327.271
322.52
325.813
325.824
325.692
322.563
327.079
328.057
327.042
325.788
325.73
326.786
326.801
325.839
322.163
318.181
329.206
326.73
327.171
329.609
328.187
325.393
320.332
322.837
322.363
319.579
326.322
321.443
325.202
327.519
325.302
324.906
327.663
323.024
322.737
326.053
320.931
325.987
331.128
326.599
322.491
327.075
328.348
328.432
323.911
326.267
331.017
321.354
324.623
319.63
321.062
324.451
323.262
323.984
324.207
328.546
328.009
325.865
325.271
327.075
327.222
330.268
323.535
328.798
326.776
321.065
324.003
326.413
329.878
326.298
325.719
323.163
330.048
327.775
326.19
326.742
330.331
323.97
325.906
325.126
326.335
321.422
326.96
327.525
323.321
327.658
328.534
321.951
328.152
323.821
326.94
321.858
326.14
323.838
324.849
327.154
323.076
324.325
331.583
323.687
324.379
326.399
324.895
328.369
326.025
327.93
324.013
324.191
323.548
327.269
320.743
326.93
315.855
325.21
326.015
327.363
324.267
321.372
322.744
325.422
326.446
322.602
324.149
329.52
330.87
326.258
324.057
323.499
320.087
323.326
324.88
324.008
328.161
318.356
326.101
324.629
320.846
327.075
322.511
322.694
319.967
327.683
323.522
324.218
332.485
319.183
322.046
325.709
320.286
324.302
326.157
328.434
323.393
326.37
322.114
323.826
328.155
328.684
328.335
330.842
326.118
323.185
329.609
326.968
330.088
325.889
326.292
326.308
323.5
326.868
319.303
322.849
318.981
327.66
327.623
325.565
321.641
329.059
325.514
327.767
325.617
325.216
329.277
324.34
326.499
327.242
325.646
325.608
329.615
325.278
331.173
324.316
329.431
324.348
324.831
322.078
329.669
327.159
323.763
325.12
321.082
324.265
327.52
325.938
327.96
320.023
324.448
322.252
317.092
324.408
322.854
318.611
327.405
326.85
326.565
324.024
321.303
322.742
327.977
327.843
avg: 325.286
