core=8
this process 2673 of running processor:  4
this process 2673 of running processor:  5
this process 2673 of running processor:  6
this process 2673 of running processor:  7
1436.21
121.776
119.093
118.903
118.384
117.216
126.751
118.836
127.251
116.555
138.107
121.099
128.449
132.831
126.259
129.375
130.863
128.967
127.348
128.717
135.752
128.924
131.606
134.507
135.386
133.23
133.625
132.692
135.183
132.003
135.37
132.592
130.039
128.578
129.781
131.335
128.915
135.352
132.874
130.063
129.534
131.492
136.131
134.83
131.625
134.324
133.557
130.981
133.039
134.154
134.569
134.283
134.026
143.98
135.711
134.102
135.743
134.057
144.603
127.845
133.097
134.306
134.686
134.981
143.9
129.749
136.23
135.471
134.506
135.784
135.373
136.517
135.632
129.869
137.439
136.374
136.408
134.813
137.122
135.901
135.434
135.067
134.293
135.533
133.731
135.397
133.863
135.902
132.436
137.463
135.352
135.351
135.52
132.972
133.146
145.529
129.913
134.999
134.815
136.128
139.283
139.164
137.613
139.064
148.167
137.694
137.484
139.675
137.34
138.102
140.476
139.722
148.434
138.217
144.477
132.736
138.931
136.41
138.152
139.737
149.232
139.708
137.252
138.53
143.079
136.356
139.289
138.434
138.473
147.254
138.209
138.547
138.289
140.277
137.458
139.719
134.316
135.791
135.59
136.66
133.699
140.204
133.251
138.759
141.632
136.548
136.009
135.9
136.781
135.972
136.491
138.512
134
138.146
137.496
138.052
135.003
135.688
134.481
134.474
138.126
135.644
135.471
135.338
140.615
137.719
134.049
134.165
139.868
140.942
140.678
139.864
139.664
142.834
140.699
142.156
142.048
138.816
144.596
137.307
137.221
135.625
135.073
137.057
136.317
135.627
142.495
134.038
137.245
143.047
136.026
139.07
138.051
134.499
137.407
138.625
138.747
136.912
137.035
140.452
135.944
143.49
141.537
134.72
134.816
138.8
142.345
139.258
140.111
139.546
145.426
140.935
139.626
141.306
140.648
143.957
139.449
140.808
139.789
141.098
140.113
140.635
139.94
142.116
135.216
137.879
138.959
138.5
142.589
137.064
135.873
139.207
138.247
137.387
136.982
143.153
142.324
137.563
144.4
133.701
140.934
135.944
136.604
139.986
141.595
148.225
136.402
139.176
139.21
140.945
141.287
147.151
137.005
139.865
146.321
138.867
140.998
138.295
147.097
135.895
140.641
137.781
137.007
141.614
144.409
141.035
141.335
147.044
143.066
143.966
143.132
140.121
140.607
140.792
143.054
137.537
144.072
144.493
142.034
138.441
145.511
142.886
144.764
143.463
139.161
151.559
139.472
145.069
145.72
142.65
140.809
147.482
141.328
150.272
142.236
147.062
141.883
142.059
137.935
143.381
145.593
146.381
140.894
144.008
142.506
141.855
141.367
135.144
143.058
144.43
136.922
145.178
147.073
135.93
146.857
143.354
143.429
142.985
146.975
140.402
147.439
140.987
147.454
145.045
141.159
146.062
142.475
146.012
141.988
140.583
147.53
141.835
136.485
144.381
144.21
134.792
149.609
137.018
143.561
138.069
143.941
142.585
137.139
142.289
143.802
146.984
135.903
149.117
138.854
141.37
142.254
135.02
141.97
144.19
141.268
145.695
146.282
140.432
139.889
146.837
141.323
148.337
149.124
146.227
141.342
141.79
142.023
138.908
142.875
136.396
144.722
143.404
144.978
144.394
144.011
142.313
140.025
141.798
144.491
144.868
151.155
138.625
137.2
144.631
142.539
144.314
136.694
144.213
148.83
140.319
150.729
144.232
142.86
140.723
145.536
144.014
142.34
144.584
146.68
145.483
142.094
141.312
146.679
141.318
153.095
140.087
147.555
148.67
137.914
143.459
144.236
133.927
144.089
144.811
144.226
143.195
136.046
142.426
143.228
142.306
146.975
139.816
141.98
137.014
148.147
146.109
147.945
147.176
144.677
142.224
147.327
146.142
143.041
145.021
147.126
146.047
147.719
143.439
146.261
144.692
142.327
145.444
144.911
142.677
141.506
142.758
143.277
144.208
143.621
142.579
141.194
138.347
148.299
141.869
141.368
138.021
142.796
147.487
138.456
144.912
149.069
142.231
142.058
137.512
143.864
144.489
149.094
148.351
143.068
145.948
142.694
148.725
147.297
139.588
149.32
148.265
141.448
145.967
139.984
146.122
144.076
142.598
136.317
146.269
143.161
140.424
143.012
145.328
136.828
143.149
149.448
142.679
140.193
144.214
144.515
142.455
142.592
144.227
148.477
146.875
avg: 139.754
