core=2
this process 2673 of running processor:  0
this process 2673 of running processor:  1
2985.2
243.179
243.296
243.621
243.056
243.498
242.937
242.504
241.748
243.176
243.54
241.959
239.94
239.68
239.981
240.899
241.348
239.728
239.063
239.989
241.317
241.368
241.742
243.376
243.032
243.924
245.404
243.816
243.352
242.723
243.633
242.938
240.974
239.741
238.557
241.31
239.355
241.119
239.282
240.319
240.203
239.742
240.475
239.848
245.659
244.019
243.109
242.803
241.572
242.513
243.371
240.434
240.605
240.898
239.612
241.075
239.495
240.855
240.709
238.821
238.846
240.826
239.11
240.496
240.066
241.504
245.299
242.453
242.111
244.525
241.792
242.233
244.695
244.231
242.907
243.701
244.326
241.076
240.668
240.05
240.424
240.024
239.916
240.702
238.557
240.578
238.016
241.849
243.491
243.816
242.158
244.108
241.936
242.542
245.002
243.874
243.739
241.531
239.992
241.499
239.4
240.103
239.687
239.791
240.469
238.538
237.514
241.304
239.669
240.183
242.262
242.611
240.911
240.943
242.763
252.786
242.398
237.844
239.683
240.708
240.196
241.045
240.152
239.624
241.274
239.021
242.43
239.837
239.998
238.647
240.865
240.126
243.246
243.661
241.561
242.859
242.009
242.583
243.578
242.351
240.478
241.028
239.831
238.946
239.559
241.026
241.409
241.687
239.839
240.328
239.809
241.152
240.545
241.225
244.597
242.402
241.266
242.612
241.925
243.903
243.147
242.713
241.891
241.855
240.468
240.099
240.419
237.739
239.916
240.497
241.645
240.652
241.581
240.651
240.481
238.994
244.673
241.94
243.905
244.349
243.656
243.316
243.845
244.121
240.574
241.154
241.418
239.805
240.91
241.002
241.962
242.785
240.347
238.733
239.546
243.196
241.33
240.407
243.09
242.919
244.594
242.943
245.251
242.72
241.7
243.657
243.321
241.054
242.261
241.8
238.301
239.256
239.515
239.52
239.424
241.163
239.51
239.972
239.929
241.205
243.635
242.488
241.13
243.109
243.445
244.677
243.835
243.029
244.024
241.566
240.45
240.35
240.834
240.48
241.883
240.709
240.493
240.952
241.063
239.23
240.693
240.664
247.207
241.153
243.127
242.283
242.26
244.479
243.677
242.467
241.916
242.53
243.903
243.779
242.675
243.019
241.324
242.957
241.252
242.828
242.189
242.458
242.534
243.626
243.27
241.858
240.771
243.897
242.823
240.541
240.625
242.478
239.942
240.171
240.098
238.853
236.826
237.886
239.06
237.818
238.618
236.572
238.478
238.472
239.83
239.798
243.725
241.853
240.78
242.418
241.709
242.442
242.625
243.192
242.964
242.649
241.359
241.156
241.631
241.524
241.102
240.428
241.107
241.572
240.664
240.275
240.152
239.298
243.86
242.285
240.26
240.494
242.518
242.473
242.489
244.458
237.699
240.35
240.475
241.095
241.864
241.259
242.319
241.812
240.909
239.393
240.453
240.104
240.29
239.489
243.428
241.823
243.771
242.887
243.087
240.341
241.919
243.613
241.908
242.274
241.89
243.17
240.592
239.522
241.576
241.717
240.454
242.113
240.541
241.173
241.45
239.914
243.28
242.877
244.335
241.65
242.222
242.988
242.261
244.94
242.649
243.448
241.725
240.13
239.851
238.9
241.181
241.102
240.721
241.311
242.737
241.53
241.107
239.669
246.236
243.793
241.127
241.378
243.041
242.717
241.751
242.75
242.578
240.891
240.653
243.081
240.779
240.8
240.574
241.727
241.919
239.242
241.516
240.858
241.11
240.556
245.392
241.736
242.785
243.689
242.32
240.622
243.417
243.276
242.682
241.756
243.683
241.486
239.638
240.047
240.487
238.479
240.677
240.169
239.746
240.704
238.407
238.926
244.971
244.203
243.765
243.211
241.361
242.077
243.829
241.896
242.348
243.823
238.522
240.566
239.387
239.801
240.779
239.969
238.519
240.381
240.514
240.633
240.691
239.919
242.721
242.338
242.812
243.369
242.606
243.794
242.302
243.696
242.092
240.529
238.673
240.576
240.014
241.186
241.628
242.038
239.857
240.507
240.759
241.311
240.314
239.948
243.279
241.865
241.705
242.806
242.724
240.861
244.268
241.981
242.493
242.519
243.125
241.676
241.162
240.857
241.428
242.157
240.331
240.197
240.407
239.801
239.561
238.877
244.207
240.158
243.044
243.927
241.223
242.9
242.493
242.641
242.291
244.025
240.849
240.243
238.471
239.547
239.898
241.526
avg: 241.532
