args: 28 32 1 92
core=5
this process 2381 of running processor:  4
0.668415
0.365442
0.357112
0.360236
0.359716
0.375853
0.364921
0.357634
0.358675
0.359195
0.380017
0.360236
0.356592
0.3644
0.355551
0.355551
0.358153
0.356071
0.356593
0.358674
0.431554
0.359195
0.358154
0.360756
0.361798
0.358154
0.357112
0.355551
0.358154
0.357633
0.360237
0.368565
0.362318
0.358154
0.356593
0.358675
0.359195
0.356592
0.355551
0.355551
0.357112
0.358154
0.37325
0.357113
0.363359
0.355551
0.356071
0.360756
0.358154
0.35503
0.355031
0.357633
0.355551
0.368565
0.358154
0.356072
0.355551
0.357113
0.359196
0.356072
0.358674
0.357113
0.356592
0.360757
0.415417
0.360757
0.356072
0.357112
0.358154
0.356072
0.357113
0.355551
0.356072
0.356072
0.356072
0.377415
0.371169
0.357634
0.35503
0.358153
0.356072
0.358675
0.356072
0.356593
0.359716
0.370127
0.361798
0.358154
0.358674
0.361798
0.355551
0.358154
0.355551
0.356071
0.357633
0.360236
0.369086
0.358675
0.358674
0.356592
0.360237
0.362318
0.357113
0.362839
0.375854
0.362318
0.356071
0.370127
0.36336
0.3821
0.355551
0.362318
0.356072
0.365442
0.357112
0.356592
0.358674
0.355551
0.366483
0.358154
0.357633
0.356072
0.355551
0.356592
0.356593
0.357633
0.357112
0.357113
0.358154
0.366483
0.357633
0.355551
0.362319
0.365442
0.357113
0.37273
0.37273
0.362318
0.368044
0.362839
0.369607
0.361277
0.356072
0.355551
0.357634
0.359195
0.355551
0.356072
0.364921
0.357113
0.365963
0.357113
0.355551
0.356072
0.358675
0.36388
0.365962
0.370647
0.357113
0.356071
0.359195
0.378977
0.357112
0.356593
0.357633
0.360236
0.356592
0.357633
0.356071
0.357634
0.356592
0.361797
0.367524
0.356593
0.356592
0.355031
0.357113
0.360236
0.356071
0.359195
0.361798
0.356593
0.375332
0.366483
0.357633
0.360236
0.357634
0.359716
0.358674
0.356592
0.356072
0.359716
0.360757
0.362839
0.365442
0.356592
0.361277
0.357113
0.355551
0.362839
0.360757
0.356592
0.356071
0.357634
0.356072
0.367003
0.356592
0.357112
0.369086
0.359715
0.356071
0.356592
0.369086
0.358154
0.356072
0.355551
0.369086
0.358674
0.364922
0.358675
0.356592
0.362319
0.356592
0.355551
0.359195
0.36388
0.372209
0.356593
0.356592
0.356592
0.356072
0.356592
0.355551
0.356071
0.360236
0.357113
0.356072
0.367004
0.359195
0.360236
0.355551
0.357112
0.356592
0.356592
0.355551
0.357633
0.363359
0.356072
0.3644
0.358675
0.357633
0.357113
0.360236
0.355551
0.358154
0.35503
0.358154
0.362839
0.369606
0.366483
0.365962
0.355551
0.359196
0.366483
0.356072
0.359716
0.356072
0.360236
0.357113
0.356072
0.368045
0.356592
0.356072
0.356072
0.355551
0.357113
0.356071
0.359195
0.355551
0.355551
0.359196
0.365963
0.356592
0.360236
0.356592
0.355551
0.356071
0.362839
0.357633
0.356592
0.360757
0.357113
0.365442
0.361798
0.356071
0.356072
0.357633
0.358154
0.361277
0.357633
avg: 0.360092
