args: 28 32 1 92
core=6
this process 2381 of running processor:  4
this process 2381 of running processor:  5
0.642907
0.885494
0.476844
0.486735
0.489338
0.479968
0.475283
0.231654
0.232696
0.224367
0.235819
0.225408
0.224367
0.223326
0.224887
0.224887
0.223326
0.222284
0.223326
0.22697
0.224887
0.225928
0.229573
0.223847
0.231134
0.223326
0.224366
0.241025
0.224367
0.224887
0.239464
0.228011
0.224367
0.230093
0.225929
0.231134
0.230614
0.230094
0.229572
0.224366
0.226449
0.223325
0.225407
0.225408
0.247272
0.230093
0.231134
0.225408
0.224367
0.22801
0.224367
0.223846
0.223846
0.238422
0.243628
0.238422
0.233737
0.230093
0.223846
0.223325
0.225929
0.22645
0.224888
0.223846
0.223325
0.223847
0.222805
0.223846
0.224367
0.222805
0.231134
0.223846
0.225929
0.222805
0.233737
0.223326
0.225408
0.234778
0.239464
0.225929
0.225407
0.232696
0.225408
0.232176
0.224887
0.234257
0.225929
0.224366
0.226449
0.225408
0.233216
0.231134
0.22749
0.224887
0.24571
0.22697
0.229573
0.226449
0.225928
0.224367
0.225408
0.225929
0.225928
0.224888
0.224887
0.224888
0.231655
0.225408
0.226969
0.234778
0.225408
0.233737
0.226969
0.224367
0.225408
0.225408
0.224367
0.223846
0.224366
0.224366
0.225929
0.224887
0.224366
0.224367
0.228011
0.22749
0.225408
0.225929
0.248313
0.239984
0.233737
0.24519
0.228011
0.232175
0.225408
0.224887
0.228531
0.232696
0.225408
0.226449
0.225408
0.225408
0.224888
0.231135
0.235299
0.234258
0.234779
0.226449
0.22697
0.233737
0.232175
0.225929
0.228532
0.225408
0.227491
0.225929
0.225408
0.224366
0.226449
0.225408
0.224887
0.237902
0.229052
0.226449
0.225929
0.225929
0.224367
0.233217
0.224887
0.22749
0.233217
0.248834
0.252478
0.252478
0.252478
0.243627
0.24571
0.237902
0.238943
0.226449
0.225928
0.225408
0.232176
0.224887
0.229052
0.235819
0.224888
0.226449
0.225408
0.226449
0.235819
0.232176
0.227491
0.224888
0.234258
0.225928
0.237902
0.22697
0.237902
0.237902
0.226449
0.226449
0.224888
0.225408
0.223846
0.225928
0.22749
0.225408
0.224887
0.223846
0.224366
0.232175
0.225408
0.23634
0.232175
0.224887
0.23686
0.226449
0.22697
0.225928
0.224888
0.224367
0.231134
0.225408
0.224887
0.225929
0.225929
0.233216
0.234778
0.225407
0.225929
0.225408
0.224888
0.245189
0.242586
0.238423
0.228011
0.224366
0.22749
0.225928
0.224888
0.230093
0.225408
0.224367
0.225408
0.225929
0.224887
0.224888
0.225928
0.225408
0.234779
0.234778
0.229572
0.223846
0.238422
0.242066
0.238943
0.225408
0.224887
0.224366
0.228531
0.239463
0.225408
0.224367
0.225408
0.235298
0.228532
0.225928
0.226449
0.226449
0.22801
0.226969
0.226969
0.228011
0.225408
0.224367
0.229051
0.228011
0.233737
0.226449
0.226449
0.22645
0.230093
0.226449
0.224367
0.224887
0.22749
0.242587
0.233216
0.226449
0.225408
0.225928
0.224367
0.237381
0.233737
0.23582
0.226449
0.225408
0.224367
0.225408
avg: 0.235241
