args: 28 32 1 92
core=8
this process 2381 of running processor:  4
this process 2381 of running processor:  5
this process 2381 of running processor:  6
this process 2381 of running processor:  7
0.985964
1.01147
1.00314
1.00575
0.996897
1.00158
1.0021
1.05051
1.00783
0.998459
1.00991
1.00002
1.00575
0.996896
1.01095
0.998978
1.01199
0.998979
1.10465
1.77203
1.57786
0.63562
0.634578
1.79962
1.77463
1.23792
1.77567
1.57421
1.23324
1.77515
1.17285
1.45032
1.77203
1.16973
1.44979
1.77203
1.16817
1.45084
1.77151
1.17285
1.45188
1.77047
1.17337
1.44979
1.77307
1.17649
1.45084
1.77307
1.17077
1.44979
1.78036
1.17077
1.44927
1.77411
1.17493
1.45136
1.77411
1.17493
1.45083
1.7788
1.16764
1.45552
1.77775
1.16816
1.45448
1.77359
1.16973
1.45136
1.77463
1.17285
1.4524
1.77619
1.17233
1.45032
1.77359
1.16869
1.44823
1.77307
1.17493
1.44771
1.77359
1.17025
1.45032
1.77671
1.1817
1.45292
1.77515
1.16764
1.45188
1.77359
1.17233
1.44979
1.77723
1.16868
1.45864
1.77515
1.17077
1.08539
1.60961
1.77359
1.00887
1.44823
1.78869
1.17806
1.44875
1.7866
1.17129
1.45188
1.77151
1.17025
1.45656
1.77203
1.16817
1.45969
1.77255
1.17077
1.08644
1.60857
1.77671
1.00887
1.44927
1.77359
1.16817
1.45188
1.77463
1.17545
1.45084
1.77515
1.17597
1.45448
1.77463
1.17597
1.45396
1.77567
1.17025
1.09112
1.60597
1.78036
1.00575
1.455
1.77724
1.16921
1.45136
1.77723
1.16921
1.45292
1.77828
1.17129
1.07967
1.62054
1.78192
1.01355
1.44979
1.77671
1.17181
1.44355
1.77411
1.17701
1.44667
1.77047
1.17233
1.08123
1.61065
1.77828
1.00731
1.45448
1.77411
1.17233
1.45552
1.77047
1.17129
1.08279
1.60961
1.77463
1.00887
1.44979
1.7788
1.16921
1.45344
1.77671
1.17181
1.45032
1.77515
1.17181
1.45604
1.77567
1.16869
1.45448
1.77255
1.17441
1.07967
1.60909
1.77932
1.00835
1.45188
1.77359
1.17129
1.44823
1.77619
1.17233
1.455
1.77671
1.17025
1.455
1.77567
1.16868
1.45188
1.76995
1.17233
1.45344
1.77411
1.17025
1.4576
1.77047
1.17129
1.45032
1.77151
1.17077
1.45084
1.77307
1.17805
1.44823
1.77724
1.16764
1.45448
1.77567
1.17545
1.45032
1.77099
1.17129
1.45448
1.77151
1.17493
1.08331
1.60545
1.77567
1.01251
1.44875
1.77828
1.17337
1.44771
1.77515
1.17181
1.45032
1.77723
1.17233
1.45136
1.77567
1.17701
1.45084
1.77619
1.16764
1.45292
1.77411
1.16817
1.46541
1.77411
1.17337
1.08383
1.6044
1.78244
1.00887
1.07082
1.78244
1.57681
0.841245
1.77619
1.57525
0.403443
1.8043
1.784
1.21293
1.77828
1.17233
0.620002
1.80118
1.77463
0.610632
0.631975
1.80326
1.77307
1.22022
1.77359
1.17025
0.853739
1.07238
1.41127
1.77567
0.838642
0.633016
1.80222
1.78036
1.21762
1.77359
1.17285
0.622084
1.8017
1.77828
0.604384
0.841766
avg: 1.40587
