args: 28 32 1 92
core=7
this process 2381 of running processor:  4
this process 2381 of running processor:  5
this process 2381 of running processor:  6
0.588247
0.450816
0.448734
0.451857
0.452377
0.443007
0.449775
0.445089
0.449775
0.450816
0.447172
0.453419
0.450296
0.433116
0.452378
0.449255
0.420623
0.177515
0.177515
0.175954
0.177515
0.169707
0.169186
0.172309
0.170228
0.170228
0.175953
0.169707
0.178557
0.169707
0.175953
0.183762
0.174391
0.170228
0.176474
0.170227
0.176474
0.170748
0.170227
0.169707
0.170228
0.171268
0.170748
0.176474
0.171788
0.169706
0.177515
0.169707
0.169707
0.170227
0.169707
0.178036
0.180118
0.179597
0.173871
0.176995
0.176474
0.176995
0.178036
0.176474
0.175433
0.169186
0.171269
0.169707
0.170228
0.176474
0.169186
0.170748
0.170748
0.170227
0.175953
0.176474
0.169706
0.176474
0.176995
0.183242
0.170228
0.169186
0.170227
0.171269
0.169186
0.170748
0.169707
0.169186
0.17283
0.170227
0.171269
0.170748
0.186365
0.179077
0.170747
0.169186
0.179598
0.170227
0.169186
0.169186
0.169186
0.194694
0.172309
0.1822
0.170748
0.177515
0.170227
0.170227
0.178036
0.178557
0.177515
0.177515
0.175433
0.170227
0.174913
0.169706
0.174912
0.170748
0.170228
0.170748
0.170227
0.172309
0.171789
0.180118
0.170227
0.171789
0.171268
0.170748
0.170748
0.176995
0.177516
0.17283
0.174912
0.170747
0.172309
0.170227
0.170227
0.179077
0.169707
0.170748
0.169707
0.170228
0.171268
0.170227
0.178557
0.17283
0.170748
0.171789
0.171269
0.179077
0.171268
0.170748
0.178036
0.170748
0.170748
0.170748
0.170227
0.169707
0.169186
0.171789
0.171269
0.170227
0.183241
0.171268
0.170748
0.175953
0.184803
0.171269
0.170228
0.170747
0.178035
0.170227
0.170228
0.170227
0.17231
0.170748
0.171268
0.171789
0.171268
0.177515
0.179076
0.180118
0.170748
0.171269
0.170227
0.17231
0.170227
0.170747
0.178557
0.171268
0.170227
0.170227
0.170227
0.171789
0.170748
0.170748
0.171269
0.170227
0.170228
0.170227
0.174392
0.179598
0.169707
0.171268
0.170227
0.171268
0.174392
0.170747
0.169706
0.170748
0.191571
0.171789
0.177516
0.171789
0.170748
0.169706
0.170748
0.170227
0.171268
0.170748
0.170227
0.170748
0.170227
0.170748
0.172309
0.178556
0.170748
0.174391
0.169707
0.170748
0.176474
0.170747
0.177515
0.170748
0.173871
0.183762
0.175433
0.1822
0.180118
0.178035
0.172309
0.178556
0.181159
0.178036
0.176994
0.170748
0.170228
0.170748
0.170227
0.176995
0.175954
0.17335
0.170227
0.170227
0.179077
0.171268
0.177516
0.170228
0.170227
0.170227
0.170747
0.169706
0.170748
0.171269
0.170748
0.169706
0.173351
0.176995
0.171268
0.178557
0.178036
0.178556
0.177515
0.172309
0.170227
0.170228
0.178556
0.187407
0.187407
0.184283
0.171789
0.17283
0.171269
0.182201
0.173351
0.169707
0.170227
0.170748
0.170227
0.170748
0.174913
0.170227
0.170227
0.170748
0.171268
0.170227
0.170748
0.179077
0.171789
0.171789
0.170227
0.171268
0.177515
0.170748
avg: 0.187923
