args: 28 92 3 32
core=5
this process 2445 of running processor:  4
2.7216
1.90553
2.03762
1.93113
1.91935
1.9255
1.89836
2.0197
1.91065
1.92192
1.86765
1.91321
1.89017
1.85587
1.79188
1.82106
1.80416
1.81696
1.80109
1.82311
1.79188
1.82362
1.81031
1.80928
1.82055
1.8057
1.82003
1.80058
1.81133
1.80365
1.77908
1.76116
1.76013
1.75143
1.75348
1.7632
1.75245
1.7632
1.71406
1.72942
1.71611
1.73249
1.74426
1.72583
1.7458
1.72583
1.74273
1.72583
1.86253
1.93625
1.94598
1.9296
1.9086
1.8871
1.83437
1.88301
1.89325
1.87635
1.87379
1.80775
1.76833
1.77396
1.75706
1.77037
1.75962
1.76628
1.76935
1.76372
1.77601
1.76525
1.75501
1.73044
1.7458
1.73454
1.73402
1.74324
1.73044
1.74529
1.76679
1.90187
1.88831
1.95282
1.89233
1.90886
1.9051
1.89531
1.88897
1.90385
1.83874
1.89621
1.89414
1.86233
1.91005
1.89466
1.81565
1.88081
1.85362
1.86747
1.85875
1.89209
1.85618
1.84284
1.80488
1.78897
1.80026
1.79
1.79102
1.80436
1.79359
1.81001
1.79615
1.79769
1.79513
1.80795
1.79821
1.79462
1.80693
1.79615
1.81206
1.80334
1.80744
1.79923
1.79154
1.9357
1.96135
1.90902
1.90749
1.88235
1.85721
1.87003
1.87055
1.84643
1.84541
1.88286
1.85875
1.86285
1.88337
1.85977
1.90133
1.89107
1.90492
1.93314
1.92493
1.94032
1.91621
1.95725
1.90082
1.93775
1.94648
1.91621
1.81155
1.82899
1.95212
1.93468
1.94699
1.94596
1.92236
1.93211
1.9552
1.94134
1.94699
1.94032
1.89004
1.91262
1.86234
1.88902
1.85721
1.87003
1.89825
1.84489
1.89107
1.90235
1.89979
1.8649
1.87003
1.80077
1.81565
1.7664
1.77102
1.74742
1.73613
1.74382
1.74126
1.74177
1.73613
1.7351
1.74382
1.73203
1.74742
1.73459
1.74793
1.72895
1.75101
1.73613
1.73869
1.74126
1.74023
1.74485
1.73613
1.74742
1.72074
1.74844
1.73716
1.73408
1.78128
1.77153
1.75255
1.73305
1.75152
1.73818
1.73305
1.74896
1.73562
1.7469
1.73049
1.74229
1.73767
1.7469
1.73562
1.7351
1.75203
1.73613
1.74793
1.7351
1.75101
1.73562
1.74382
1.73767
1.731
1.74177
1.73151
1.74896
1.73356
1.74485
1.73562
1.73664
1.74023
1.73972
1.7428
1.73459
1.74947
1.73356
1.77102
1.849
1.90389
1.92185
1.94648
1.94494
1.8372
1.89979
1.92134
1.95263
1.94802
1.8885
1.89414
1.90902
1.86285
1.85259
1.80847
1.82591
1.8059
1.81873
1.80436
1.80693
1.81514
1.81001
1.76435
1.74485
1.78641
1.81309
1.82745
1.80642
1.81206
1.76845
1.75614
1.77358
1.77256
1.77512
1.77666
1.77409
1.75819
1.77974
1.75768
1.77307
1.77871
1.7664
1.78128
1.76229
1.77358
1.76486
1.78487
1.76383
1.76075
1.77563
1.76281
1.7428
1.76383
1.80898
1.78949
1.79975
avg: 1.81701
