args: 28 92 3 32
core=8
this process 2445 of running processor:  4
this process 2445 of running processor:  5
this process 2445 of running processor:  6
this process 2445 of running processor:  7
1.76604
0.756068
0.580286
0.601359
0.586454
0.593135
0.589023
0.581828
0.583883
0.587481
0.598276
0.586453
0.587995
0.586967
0.589538
0.59108
0.608041
0.592107
0.589537
0.586968
0.589024
0.586968
0.592107
0.603415
0.587481
0.58594
0.58851
0.80027
0.600845
0.613695
0.799756
0.802326
0.605985
0.590566
0.586968
0.601873
0.799242
0.798214
0.802326
0.597761
0.603929
0.597247
0.618321
0.600331
0.598789
0.600846
0.590565
0.603415
0.581314
0.590565
0.587995
0.587995
0.590052
0.607013
0.593135
0.603415
0.585425
0.587995
0.585426
0.58594
0.584911
0.605471
0.589024
0.602901
0.803868
0.7977
0.595191
0.591594
0.581828
0.579258
0.585426
0.593649
0.607527
0.592107
0.586453
0.594164
0.590566
0.610611
0.815689
0.605471
0.592107
0.591594
0.590052
0.600845
0.608555
0.584912
0.582856
0.79256
0.601359
0.590052
0.600331
0.618321
0.602901
0.598275
0.601873
0.604443
0.598276
0.610097
0.591079
0.798214
0.601873
0.609583
0.591593
0.807979
0.812606
0.822371
0.797186
0.812605
0.595191
0.591593
0.792561
0.818773
0.816203
0.597761
0.81312
0.594677
0.794616
0.592108
0.595191
0.798728
0.807466
0.804382
0.602901
0.589538
0.600331
0.587482
0.590051
0.592621
0.795645
0.800271
0.844473
0.806952
0.797187
0.796159
0.795645
0.801298
0.590051
0.589537
0.585426
0.585426
0.587996
0.592108
0.589023
0.587995
0.590565
0.582342
0.792047
0.825969
0.595705
0.580286
0.575146
0.604443
0.594163
0.597762
0.603929
0.591079
0.797186
0.799242
0.804382
0.7977
0.802326
0.812091
0.597761
0.592108
0.621918
0.802326
0.799242
0.804382
0.801298
0.855781
0.821344
0.841389
0.824427
0.611125
0.595705
0.590051
0.594677
0.584912
0.587482
0.799756
0.829053
0.819288
0.814147
0.80027
0.826483
0.798728
0.799242
0.597762
0.592107
0.587482
0.81055
0.795644
0.817231
0.822371
0.593649
0.592621
0.798728
0.802326
0.798214
0.836249
0.603415
0.802326
0.820315
0.598789
0.587482
0.799756
0.799242
0.596733
0.804896
0.801812
0.598275
0.81826
0.810035
0.596733
0.796673
0.808494
0.793588
0.802326
0.81569
0.802326
0.821344
0.826998
0.594164
0.803354
0.801812
0.805924
0.798728
0.7977
0.799756
0.817232
0.603929
0.584398
0.596219
0.587481
0.587481
0.582856
0.58851
0.603415
0.590566
0.587482
0.589537
0.590051
0.590052
0.806952
0.584397
0.578743
0.587995
0.586454
0.613695
0.609583
0.603415
0.596219
0.596734
0.586968
0.592107
0.595705
0.622946
0.598789
0.587481
0.796159
0.599817
0.801812
0.851669
0.597248
0.799756
0.806952
0.599817
0.601359
0.800784
0.789477
0.80798
0.595192
0.801298
0.81312
0.79513
0.824941
0.593649
0.807466
0.80027
0.791532
0.594677
0.799243
0.605471
0.797186
0.592622
0.596219
0.596219
0.584911
0.603415
0.800784
0.803868
0.81312
0.799242
0.822885
0.806952
0.821344
0.594163
0.800784
0.809008
0.804382
avg: 0.676717
