args: 28 92 3 32
core=7
this process 2445 of running processor:  4
this process 2445 of running processor:  5
this process 2445 of running processor:  6
1.60349
1.10827
0.911394
0.743295
0.726251
0.715457
0.724195
0.729849
0.723681
0.742193
0.735
0.733458
0.728832
0.728318
0.745277
0.729854
0.733453
0.72934
0.72934
0.747844
0.734481
0.730883
0.732425
0.730369
0.731911
0.750928
0.737565
0.733452
0.72677
0.943157
0.742704
0.714435
0.728826
0.732938
0.730368
0.95138
0.943157
0.737051
0.73448
0.93956
0.735509
0.712893
0.724201
0.728827
0.947269
0.949839
0.724714
0.704669
0.721631
0.733452
0.946755
0.950353
0.74219
0.741676
0.948811
0.743732
0.943672
0.731911
0.726257
0.73962
0.730883
0.935962
0.946242
0.955493
0.945727
0.738078
0.726257
0.722659
0.944699
0.73962
0.727798
0.719575
0.939045
0.748872
0.720603
0.714949
0.71495
0.946755
0.74733
0.731396
0.938017
0.97194
0.74219
0.73448
0.722659
0.728826
0.728827
0.933906
0.745274
0.721631
0.721117
0.720089
0.70981
0.951895
0.739106
0.733967
0.925682
0.731911
0.938531
0.945213
0.731911
0.738592
0.946241
0.97965
0.953437
0.951381
0.754526
0.711865
0.924654
0.945727
0.948811
0.740135
0.919
0.728827
0.734994
0.735508
0.945727
0.74219
0.943671
0.93956
0.953437
0.737564
0.731911
0.938017
0.74219
0.745274
0.943157
0.728312
0.962689
0.732938
0.742704
0.941102
0.746816
0.742704
0.727799
0.726257
0.719061
0.934933
0.979136
0.757096
0.755039
0.963717
0.93956
0.946755
0.978622
0.735508
0.729854
0.93699
0.745274
0.706725
0.734995
0.728827
0.711865
0.705184
0.944185
0.743218
0.933906
0.744246
0.762235
0.736536
0.946241
0.946241
0.740135
0.74219
0.943157
0.745788
0.944185
0.960119
0.933905
0.734994
0.707753
0.723687
0.950867
0.733452
0.714436
0.729854
0.736536
0.951381
0.940587
0.953951
0.944699
0.978622
0.952923
0.737564
0.728827
0.736537
0.942129
0.936989
0.730883
0.730882
0.730368
0.750927
0.941101
0.97194
0.733966
0.730883
0.728826
0.941101
0.741676
0.732939
0.945213
0.736536
0.732939
0.731911
0.941615
0.746302
0.939559
0.946241
0.963716
0.73962
0.93185
0.93956
0.940073
0.739106
0.961147
0.947269
0.958577
0.974511
0.956521
0.743218
0.727285
0.727285
0.73448
0.947783
0.736023
0.730368
0.943157
0.981192
0.952409
0.947783
0.743732
0.940587
0.987874
0.736023
0.721117
0.717005
0.720089
0.730369
0.710324
0.741162
0.946241
0.727799
0.730368
0.734995
0.738078
0.734994
0.943672
0.979136
0.761722
0.971426
0.951381
0.949325
0.953437
0.944185
0.741677
0.946755
0.747844
0.735508
0.731911
0.731397
0.750414
0.73962
0.736023
0.740134
0.736536
0.738593
0.736536
0.745788
0.727284
0.742704
0.744246
0.953951
0.946241
0.938531
0.73448
0.935962
0.944186
0.754526
0.730369
0.709295
0.950353
0.960119
0.734994
0.711351
0.719575
0.745274
0.73705
0.730368
0.729854
0.720088
0.739106
0.720089
0.733452
0.921056
0.731397
0.745274
0.735508
0.738078
0.940587
0.738079
avg: 0.81053
