args: 28 92 3 32
core=6
this process 2445 of running processor:  4
this process 2445 of running processor:  5
2.08807
1.46627
1.23694
1.44729
1.4519
1.22155
1.24618
1.21898
1.15947
1.46371
2.23737
2.6083
1.66995
2.61292
2.59291
2.09936
2.52826
1.80128
2.58008
2.51852
1.65507
2.35434
1.76178
2.57905
2.53186
1.67149
2.57598
2.53699
2.12348
2.31689
2.33947
1.72125
2.54468
2.58059
1.85413
2.58983
2.34665
2.57187
2.03523
2.3723
2.61753
2.19787
2.2189
2.58111
1.81668
2.58265
2.56264
1.68483
2.4785
2.58675
2.08551
2.60779
1.76127
2.32818
2.34357
2.57957
2.17427
2.1953
2.60471
1.74947
2.57341
2.35434
2.58059
2.14554
2.21121
2.30714
2.577
2.18453
2.24814
2.39026
2.3528
1.72741
2.53647
2.57905
2.10552
2.58059
1.78949
2.6006
2.34152
2.32972
1.45447
2.59291
1.78487
2.36922
2.3487
2.58265
2.17786
2.0065
2.59701
2.34665
2.59906
1.74639
1.58683
2.57905
2.56725
1.69303
2.58624
2.33536
2.36255
2.17221
2.33639
2.36101
1.76588
2.62831
2.35229
2.56725
2.18094
2.17837
2.60009
1.75152
2.5139
2.34921
2.35999
1.7269
2.55956
2.57598
1.51347
2.57187
2.54417
1.82489
2.35896
1.77871
2.59804
2.58111
1.66738
2.57905
2.34306
2.34819
1.86798
2.56469
1.60274
2.34203
2.32202
2.14913
1.436
2.59085
2.31073
2.34152
1.50988
1.64686
2.58419
2.60625
1.90287
2.33126
1.78589
2.5888
2.577
1.6407
2.34973
2.57341
1.94648
2.36409
2.22608
2.58624
1.33904
2.57854
2.57187
2.07371
2.51903
1.7428
2.35486
2.58675
2.21839
2.20813
2.57033
1.74229
2.56828
2.5534
1.67149
1.8059
2.36563
2.58521
2.39128
2.5298
2.21018
2.23583
2.29432
2.56572
2.17786
2.17837
2.57085
1.79872
2.51031
2.58162
1.90133
2.3487
1.96341
2.36666
2.26148
1.7782
2.58111
2.58213
1.92082
2.35434
2.30817
2.57752
2.18042
2.21018
2.33228
2.33998
1.45139
2.58111
2.57495
1.8413
2.33177
2.23224
2.35691
2.59752
2.18401
2.20761
2.58829
1.52219
2.27995
2.58726
2.19222
2.1717
2.24712
2.58367
2.34152
2.51287
2.19735
1.98701
2.34819
2.57905
2.16708
2.20659
2.35486
1.84387
2.59188
1.72176
1.78641
1.24207
1.00402
1.19231
1.25644
1.2708
1.02711
0.961951
0.972725
0.98709
0.979395
0.972724
0.968621
0.989656
0.958872
0.965029
0.964003
0.975803
0.961951
0.955281
0.952204
0.964517
1.18666
1.02095
0.97529
0.966055
1.00351
1.19179
1.00043
1.24156
1.08662
1.26516
1.25592
1.05635
1.00556
0.995299
1.00351
1.21744
1.25028
1.03737
1.19231
1.04558
1.03788
1.01479
0.984012
0.970673
0.968108
0.980934
0.972725
0.973751
0.975803
0.975803
0.961438
0.969134
0.976829
0.98709
0.977855
0.978369
0.975803
0.985037
0.967594
0.962977
0.957334
0.980421
0.985551
0.98196
0.972212
0.982986
0.970159
0.972725
avg: 1.94464
